Time,Amplitude,Shock
0,0.083710505,0
0.000605,0.093505889,0
0.00121,0.098168415,0
0.001815,0.098621037,0
0.00242,0.097948865,0
0.003025,0.098246145,0
0.00363,0.099421404,0
0.004235,0.100310184,0
0.00484,0.100216805,0
0.005445,0.099344735,0
0.00605,0.098213975,0
0.006655,0.097094721,0
0.00726,0.095983514,0
0.007865,0.094783841,0
0.00847,0.093328426,0
0.009075,0.091427415,0
0.00968,0.089133352,0
0.010285,0.086855852,0
0.01089,0.085013909,0
0.011495,0.083645216,0
0.0121,0.08249397,0
0.012705,0.081391593,0
0.01331,0.0803883,0
0.013915,0.079532902,0
0.01452,0.078691545,0
0.015125,0.077662687,0
0.01573,0.076394423,0
0.016335,0.075019431,0
0.01694,0.073701353,0
0.017545,0.072505277,0
0.01815,0.071426186,0
0.018755,0.070473606,0
0.01936,0.069686118,0
0.019965,0.069104952,0
0.02057,0.06873068,0
0.021175,0.068448729,0
0.02178,0.06803345,0
0.022385,0.067325212,0
0.02299,0.066420666,0
0.023595,0.065621758,0
0.0242,0.065136943,0
0.024805,0.06481722,0
0.02541,0.064209673,0
0.026015,0.062938042,0
0.02662,0.061112497,0
0.027225,0.059349761,0
0.02783,0.058275312,0
0.028435,0.057977139,0
0.02904,0.058018336,0
0.029645,0.057941647,0
0.03025,0.057631524,0
0.030855,0.057206189,0
0.03146,0.056738866,0
0.032065,0.056211578,0
0.03267,0.055663834,0
0.033275,0.055184749,0
0.03388,0.054699265,0
0.034485,0.053936986,0
0.03509,0.052756058,0
0.035695,0.051395903,0
0.0363,0.050254107,0
0.036905,0.049479571,0
0.03751,0.048928481,0
0.038115,0.048426033,0
0.03872,0.04788021,0
0.039325,0.047198304,0
0.03993,0.046297101,0
0.040535,0.045229427,0
0.04114,0.044183319,0
0.041745,0.043274638,0
0.04235,0.042337105,0
0.042955,0.040984958,0
0.04356,0.039005505,0
0.044165,0.03672522,0
0.04477,0.034856665,0
0.045375,0.033875399,0
0.04598,0.033601641,0
0.046585,0.033445643,0
0.04719,0.032980406,0
0.047795,0.032195373,0
0.0484,0.031271796,0
0.049005,0.03029277,0
0.04961,0.029248552,0
0.050215,0.028192305,0
0.05082,0.0272021,0
0.051425,0.026182701,0
0.05203,0.024890485,0
0.052635,0.02325954,0
0.05324,0.021559902,0
0.053845,0.020101566,0
0.05445,0.018901834,0
0.055055,0.017770797,0
0.05566,0.016611132,0
0.056265,0.015476628,0
0.05687,0.01436488,0
0.057475,0.013103456,0
0.05808,0.011532436,0
0.058685,0.009735376,0
0.05929,0.007949125,0
0.059895,0.006218626,0
0.0605,0.004295201,0
0.061105,0.002017217,0
0.06171,-0.000325451,0
0.062315,-0.002238933,0
0.06292,-0.003595305,0
0.063525,-0.004730429,0
0.06413,-0.006001304,0
0.064735,-0.007461744,0
0.06534,-0.008989244,0
0.065945,-0.010545537,0
0.06655,-0.012190209,0
0.067155,-0.013874749,0
0.06776,-0.015366682,0
0.068365,-0.016524869,0
0.06897,-0.017628891,0
0.069575,-0.019212237,0
0.07018,-0.021454872,0
0.070785,-0.023908333,0
0.07139,-0.025927808,0
0.071995,-0.027258193,0
0.0726,-0.028175386,0
0.073205,-0.029192847,0
0.07381,-0.030671882,0
0.074415,-0.032621477,0
0.07502,-0.034741581,0
0.075625,-0.036589502,0
0.07623,-0.037824789,0
0.076835,-0.038519604,0
0.07744,-0.039269047,0
0.078045,-0.040759791,0
0.07865,-0.043068056,0
0.079255,-0.045566882,0
0.07986,-0.047648744,0
0.080465,-0.049276848,0
0.08107,-0.050710542,0
0.081675,-0.052055697,0
0.08228,-0.053360398,0
0.082885,-0.054906542,0
0.08349,-0.056972725,0
0.084095,-0.059214026,0
0.0847,-0.060626847,0
0.085305,-0.060544909,0
0.08591,-0.059711245,0
0.086515,-0.059951839,0
0.08712,-0.062408832,0
0.087725,-0.066286464,0
0.08833,-0.069693808,0
0.088935,-0.071530064,0
0.08954,-0.072226403,0
0.090145,-0.072888037,0
0.09075,-0.074169692,0
0.091355,-0.076016416,0
0.09196,-0.078052071,0
0.092565,-0.079804673,0
0.09317,-0.080724503,0
0.093775,-0.080559573,0
0.09438,-0.079945817,0
0.094985,-0.080243172,0
0.09559,-0.082342742,0
0.096195,-0.085725566,0
0.0968,-0.088990989,0
0.097405,-0.091152931,0
0.09801,-0.09217959,0
0.098615,-0.092568735,0
0.09922,-0.092861214,0
0.099825,-0.09355951,0
0.10043,-0.095010442,0
0.101035,-0.096870462,0
0.10164,-0.097839452,0
0.102245,-0.096664136,0
0.10285,-0.093854607,0
0.103455,-0.09193492,0
0.10406,-0.093195064,0
0.104665,-0.097253984,0
0.10527,-0.101504804,0
0.105875,-0.103836175,0
0.10648,-0.104253624,0
0.107085,-0.104042307,0
0.10769,-0.104211992,0
0.108295,-0.1050165,0
0.1089,-0.106350758,0
0.109505,-0.107850925,0
0.11011,-0.108597871,0
0.110715,-0.107513039,0
0.11132,-0.10471354,0
0.111925,-0.102210523,0
0.11253,-0.102405429,0
0.113135,-0.105642293,0
0.11374,-0.109816842,0
0.114345,-0.112527371,0
0.11495,-0.113035113,0
0.115555,-0.112139437,0
0.11616,-0.110983666,0
0.116765,-0.110415803,0
0.11737,-0.110908178,0
0.117975,-0.112163701,0
0.11858,-0.112661277,0
0.119185,-0.110491698,0
0.11979,-0.105532121,0
0.120395,-0.10055966,0
0.121,-0.099179106,0
0.121605,-0.102280065,0
0.12221,-0.107178001,0
0.122815,-0.110425797,0
0.12342,-0.110758284,0
0.124025,-0.109209498,0
0.12463,-0.107354963,0
0.125235,-0.106099293,0
0.12584,-0.105688707,0
0.126445,-0.105904912,0
0.12705,-0.105794303,0
0.127655,-0.103813037,0
0.12826,-0.09927233,0
0.128865,-0.093852011,0
0.12947,-0.090770369,0
0.130075,-0.091721051,0
0.13068,-0.095078137,0
0.131285,-0.097644396,0
0.13189,-0.097649547,0
0.132495,-0.095604411,0
0.1331,-0.092966729,0
0.133705,-0.090850192,0
0.13431,-0.089772217,0
0.134915,-0.089627264,0
0.13552,-0.089352627,0
0.136125,-0.087146576,0
0.13673,-0.082027545,0
0.137335,-0.075548436,0
0.13794,-0.071234378,0
0.138545,-0.071443545,0
0.13915,-0.074957122,0
0.139755,-0.078267989,0
0.14036,-0.078948614,0
0.140965,-0.07720013,0
0.14157,-0.074600892,0
0.142175,-0.072340532,0
0.14278,-0.070798232,0
0.143385,-0.069943829,0
0.14399,-0.069309248,0
0.144595,-0.067758551,0
0.1452,-0.064224438,0
0.145805,-0.059180491,0
0.14641,-0.054893451,0
0.147015,-0.053471358,0
0.14762,-0.054702594,0
0.148225,-0.056335961,0
0.14883,-0.056356345,0
0.149435,-0.054478443,0
0.15004,-0.051653492,0
0.150645,-0.048875499,0
0.15125,-0.046680293,0
0.151855,-0.045248759,0
0.15246,-0.044299015,0
0.153065,-0.042778793,0
0.15367,-0.039332831,0
0.154275,-0.033810362,0
0.15488,-0.028214984,0
0.155485,-0.025309964,0
0.15609,-0.025872262,0
0.156695,-0.027841319,0
0.1573,-0.028453485,0
0.157905,-0.026710188,0
0.15851,-0.023602622,0
0.159115,-0.020592438,0
0.15972,-0.018388349,0
0.160325,-0.016907504,0
0.16093,-0.015710525,0
0.161535,-0.014150144,0
0.16214,-0.011527415,0
0.162745,-0.007732843,0
0.16335,-0.00378242,0
0.163955,-0.001185031,0
0.16456,-0.000447427,0
0.165165,-0.000506016,0
0.16577,0.000132809,0
0.166375,0.002025435,0
0.16698,0.004700525,0
0.167585,0.007459614,0
0.16819,0.009910918,0
0.168795,0.011926403,0
0.1694,0.01352415,0
0.170005,0.015012443,0
0.17061,0.017046081,0
0.171215,0.020121166,0
0.17182,0.023819406,0
0.172425,0.026833025,0
0.17303,0.028148185,0
0.173635,0.028138885,0
0.17424,0.028171491,0
0.174845,0.029249256,0
0.17545,0.031326086,0
0.176055,0.03373644,0
0.17666,0.035881844,0
0.177265,0.037477098,0
0.17787,0.038486715,0
0.178475,0.039141589,0
0.17908,0.039958379,0
0.179685,0.041423453,0
0.18029,0.043489035,0
0.180895,0.045504171,0
0.1815,0.046820764,0
0.182105,0.047423966,0
0.18271,0.047836702,0
0.183315,0.048533327,0
0.18392,0.049630457,0
0.184525,0.051002618,0
0.18513,0.052456439,0
0.185735,0.053809873,0
0.18634,0.054954368,0
0.186945,0.055910123,0
0.18755,0.056818558,0
0.188155,0.057857613,0
0.18876,0.059085024,0
0.189365,0.060293146,0
0.18997,0.061110553,0
0.190575,0.061382332,0
0.19118,0.061398329,0
0.191785,0.061644589,0
0.19239,0.062372866,0
0.192995,0.063464578,0
0.1936,0.064632493,0
0.194205,0.065638605,0
0.19481,0.066333571,0
0.195415,0.066661301,0
0.19602,0.06675558,0
0.196625,0.066918193,0
0.19723,0.067306699,0
0.197835,0.067678382,0
0.19844,0.067646514,0
0.199045,0.067215864,0
0.19965,0.066875405,0
0.200255,0.067095443,0
0.20086,0.067876422,0
0.201465,0.068842894,0
0.20207,0.069646826,0
0.202675,0.070199882,0
0.20328,0.070597527,0
0.203885,0.070950826,0
0.20449,0.071333373,0
0.205095,0.071802426,0
0.2057,0.072351834,0
0.206305,0.072812951,0
0.20691,0.072892586,0
0.207515,0.072444836,0
0.20812,0.071723427,0
0.208725,0.071254622,0
0.20933,0.071398351,0
0.209935,0.072045546,0
0.21054,0.072733181,0
0.211145,0.073034378,0
0.21175,0.072852343,0
0.212355,0.072410061,0
0.21296,0.072051417,0
0.213565,0.072009937,0
0.21417,0.072190594,0
0.214775,0.072122582,0
0.21538,0.071293796,0
0.215985,0.069687812,0
0.21659,0.067936137,0
0.217195,0.066816027,0
0.2178,0.066617188,0
0.218405,0.06703279,0
0.21901,0.067537282,0
0.219615,0.067758276,0
0.22022,0.067581059,0
0.220825,0.067091679,0
0.22143,0.066510361,0
0.222035,0.066074036,0
0.22264,0.065809017,0
0.223245,0.065400615,0
0.22385,0.064433574,0
0.224455,0.062861928,0
0.22506,0.061166782,0
0.225665,0.059945789,0
0.22627,0.05940048,0
0.226875,0.059294582,0
0.22748,0.059286085,0
0.228085,0.059157715,0
0.22869,0.058811223,0
0.229295,0.058227474,0
0.2299,0.057495134,0
0.230505,0.056793799,0
0.23111,0.056226007,0
0.231715,0.055613923,0
0.23232,0.054547394,0
0.232925,0.052790424,0
0.23353,0.050667283,0
0.234135,0.04889974,0
0.23474,0.047981785,0
0.235345,0.047792713,0
0.23595,0.047836671,0
0.236555,0.047722437,0
0.23716,0.047342354,0
0.237765,0.046735697,0
0.23837,0.045981898,0
0.238975,0.045228427,0
0.23958,0.044638076,0
0.240185,0.044183315,0
0.24079,0.043554078,0
0.241395,0.042412132,0
0.242,0.040772038,0
0.242605,0.039030368,0
0.24321,0.037595339,0
0.243815,0.036598078,0
0.24442,0.03594925,0
0.245025,0.035479907,0
0.24563,0.034959125,0
0.246235,0.034143173,0
0.24684,0.032955889,0
0.247445,0.03158156,0
0.24805,0.03027847,0
0.248655,0.029081618,0
0.24926,0.027730191,0
0.249865,0.025934074,0
0.25047,0.023737615,0
0.251075,0.021572213,0
0.25168,0.019879848,0
0.252285,0.018728815,0
0.25289,0.017866023,0
0.253495,0.017047748,0
0.2541,0.01617838,0
0.254705,0.015178003,0
0.25531,0.013909597,0
0.255915,0.012348915,0
0.25652,0.01074063,0
0.257125,0.009400144,0
0.25773,0.008298502,0
0.258335,0.006993872,0
0.25894,0.005128063,0
0.259545,0.002903327,0
0.26015,0.000875918,0
0.260755,-0.000661961,0
0.26136,-0.001880829,0
0.261965,-0.003058045,0
0.26257,-0.004283969,0
0.263175,-0.005562078,0
0.26378,-0.007003385,0
0.264385,-0.008760209,0
0.26499,-0.010778029,0
0.265595,-0.012747488,0
0.2662,-0.014418479,0
0.266805,-0.01594281,0
0.26741,-0.01776273,0
0.268015,-0.020078467,0
0.26862,-0.02254917,0
0.269225,-0.024627672,0
0.26983,-0.026080447,0
0.270435,-0.027107034,0
0.27104,-0.028088465,0
0.271645,-0.029320168,0
0.27225,-0.030895761,0
0.272855,-0.032688951,0
0.27346,-0.034388887,0
0.274065,-0.035656698,0
0.27467,-0.036419138,0
0.275275,-0.037066779,0
0.27588,-0.038213622,0
0.276485,-0.040097894,0
0.27709,-0.042314203,0
0.277695,-0.044271431,0
0.2783,-0.045759405,0
0.278905,-0.046941665,0
0.27951,-0.048024634,0
0.280115,-0.049161087,0
0.28072,-0.050559095,0
0.281325,-0.052393444,0
0.28193,-0.054484568,0
0.282535,-0.056255497,0
0.28314,-0.057281587,0
0.283745,-0.057898915,0
0.28435,-0.059029259,0
0.284955,-0.061235774,0
0.28556,-0.064091925,0
0.286165,-0.066658702,0
0.28677,-0.068416137,0
0.287375,-0.069533798,0
0.28798,-0.07044125,0
0.288585,-0.071432662,0
0.28919,-0.072664192,0
0.289795,-0.07425096,0
0.2904,-0.076083438,0
0.291005,-0.077572911,0
0.29161,-0.07798179,0
0.292215,-0.077367678,0
0.29282,-0.077011441,0
0.293425,-0.078365177,0
0.29403,-0.081504823,0
0.294635,-0.085041207,0
0.29524,-0.087545454,0
0.295845,-0.088679802,0
0.29645,-0.089064237,0
0.297055,-0.089545494,0
0.29766,-0.090709467,0
0.298265,-0.092688669,0
0.29887,-0.09497533,0
0.299475,-0.096475028,0
0.30008,-0.096297392,0
0.300685,-0.094863272,0
0.30129,-0.093968002,0
0.301895,-0.095224544,0
0.3025,-0.098415608,0
0.303105,-0.101780108,0
0.30371,-0.103837099,0
0.304315,-0.104466427,0
0.30492,-0.104382482,0
0.305525,-0.104239701,0
0.30613,-0.104454941,0
0.306735,-0.10536938,0
0.30734,-0.106899168,0
0.307945,-0.107955669,0
0.30855,-0.106932033,0
0.309155,-0.103522091,0
0.30976,-0.099915161,0
0.310365,-0.099251138,0
0.31097,-0.102470916,0
0.311575,-0.107305823,0
0.31218,-0.110667554,0
0.312785,-0.111409127,0
0.31339,-0.110565218,0
0.313995,-0.109708115,0
0.3146,-0.109680762,0
0.315205,-0.110524451,0
0.31581,-0.111746546,0
0.316415,-0.112345971,0
0.31702,-0.111208977,0
0.317625,-0.108245352,0
0.31823,-0.105098692,0
0.318835,-0.104029364,0
0.31944,-0.105738656,0
0.320045,-0.108690455,0
0.32065,-0.11077971,0
0.321255,-0.111177111,0
0.32186,-0.110371116,0
0.322465,-0.109106585,0
0.32307,-0.107891616,0
0.323675,-0.107218573,0
0.32428,-0.107377779,0
0.324885,-0.107624733,0
0.32549,-0.106124025,0
0.326095,-0.101718156,0
0.3267,-0.095957672,0
0.327305,-0.092466651,0
0.32791,-0.093502535,0
0.328515,-0.097555999,0
0.32912,-0.100972858,0
0.329725,-0.10151234,0
0.33033,-0.09975406,0
0.330935,-0.097554228,0
0.33154,-0.096049245,0
0.332145,-0.095251571,0
0.33275,-0.094775481,0
0.333355,-0.094155698,0
0.33396,-0.092602397,0
0.334565,-0.089389235,0
0.33517,-0.085040728,0
0.335775,-0.081591808,0
0.33638,-0.080841527,0
0.336985,-0.082435745,0
0.33759,-0.084255791,0
0.338195,-0.084522798,0
0.3388,-0.082998685,0
0.339405,-0.080465825,0
0.34001,-0.077831467,0
0.340615,-0.075808116,0
0.34122,-0.074762407,0
0.341825,-0.074256347,0
0.34243,-0.072841052,0
0.343035,-0.069037175,0
0.34364,-0.063133695,0
0.344245,-0.057752778,0
0.34485,-0.055767021,0
0.345455,-0.057419238,0
0.34606,-0.060088005,0
0.346665,-0.060994767,0
0.34727,-0.059518539,0
0.347875,-0.056852606,0
0.34848,-0.054268756,0
0.349085,-0.052232165,0
0.34969,-0.050729532,0
0.350295,-0.049598307,0
0.3509,-0.048260266,0
0.351505,-0.045731021,0
0.35211,-0.041624224,0
0.352715,-0.03712072,0
0.35332,-0.034248448,0
0.353925,-0.033857085,0
0.35453,-0.034719869,0
0.355135,-0.034853812,0
0.35574,-0.033288956,0
0.356345,-0.030424092,0
0.35695,-0.027222367,0
0.357555,-0.02444832,0
0.35816,-0.022423874,0
0.358765,-0.020989211,0
0.35937,-0.019441633,0
0.359975,-0.016803937,0
0.36058,-0.012703451,0
0.361185,-0.0081563,0
0.36179,-0.005019989,0
0.362395,-0.004209219,0
0.363,-0.004692292,0
0.363605,-0.004620497,0
0.36421,-0.003139837,0
0.364815,-0.000759122,0
0.36542,0.001651702,0
0.366025,0.003694986,0
0.36663,0.005395859,0
0.367235,0.00684424,0
0.36784,0.008175902,0
0.368445,0.009711071,0
0.36905,0.011757419,0
0.369655,0.014177626,0
0.37026,0.016342297,0
0.370865,0.017729326,0
0.37147,0.018524916,0
0.372075,0.01944019,0
0.37268,0.020987644,0
0.373285,0.023116995,0
0.37389,0.025467923,0
0.374495,0.027728013,0
0.3751,0.029714344,0
0.375705,0.031338442,0
0.37631,0.032693385,0
0.376915,0.034131826,0
0.37752,0.036053131,0
0.378125,0.038439889,0
0.37873,0.040648552,0
0.379335,0.04192144,0
0.37994,0.042208165,0
0.380545,0.04227293,0
0.38115,0.042915796,0
0.381755,0.044285074,0
0.38236,0.045981829,0
0.382965,0.047573393,0
0.38357,0.048837649,0
0.384175,0.049678567,0
0.38478,0.050103826,0
0.385385,0.050350353,0
0.38599,0.050826402,0
0.386595,0.051745963,0
0.3872,0.052847198,0
0.387805,0.053632749,0
0.38841,0.05395016,0
0.389015,0.054194857,0
0.38962,0.054856481,0
0.390225,0.056014136,0
0.39083,0.057379235,0
0.391435,0.058684143,0
0.39204,0.059855545,0
0.392645,0.060868576,0
0.39325,0.06166117,0
0.393855,0.062288464,0
0.39446,0.063002339,0
0.395065,0.063994158,0
0.39567,0.065074648,0
0.396275,0.065784398,0
0.39688,0.065918081,0
0.397485,0.065809024,0
0.39809,0.065977137,0
0.398695,0.066612156,0
0.3993,0.0675024,0
0.399905,0.068343592,0
0.40051,0.068978978,0
0.401115,0.069389363,0
0.40172,0.069613258,0
0.402325,0.069746294,0
0.40293,0.069907836,0
0.403535,0.070088485,0
0.40414,0.07006924,0
0.404745,0.069621284,0
0.40535,0.068839819,0
0.405955,0.068187594,0
0.40656,0.068107524,0
0.407165,0.068630848,0
0.40777,0.069417155,0
0.408375,0.070104645,0
0.40898,0.070556735,0
0.409585,0.070843297,0
0.41019,0.071105102,0
0.410795,0.071447847,0
0.4114,0.071863344,0
0.412005,0.072177157,0
0.41261,0.072108936,0
0.413215,0.071493815,0
0.41382,0.070523074,0
0.414425,0.069700976,0
0.41503,0.06943191,0
0.415635,0.069650932,0
0.41624,0.069945514,0
0.416845,0.070013264,0
0.41745,0.069895714,0
0.418055,0.069770067,0
0.41866,0.069661172,0
0.419265,0.069457831,0
0.41987,0.069109762,0
0.420475,0.06863313,0
0.42108,0.067905228,0
0.421685,0.066629902,0
0.42229,0.064690136,0
0.422895,0.06250742,0
0.4235,0.060845513,0
0.424105,0.060158489,0
0.42471,0.060217463,0
0.425315,0.060410506,0
0.42592,0.060304609,0
0.426525,0.059874483,0
0.42713,0.059308197,0
0.427735,0.058741249,0
0.42834,0.058196704,0
0.428945,0.057655797,0
0.42955,0.05705134,0
0.430155,0.056209728,0
0.43076,0.054954757,0
0.431365,0.053345576,0
0.43197,0.051718013,0
0.432575,0.050434389,0
0.43318,0.049661495,0
0.433785,0.049347831,0
0.43439,0.049238793,0
0.434995,0.048928763,0
0.4356,0.048127998,0
0.436205,0.046981594,0
0.43681,0.04598445,0
0.437415,0.045424789,0
0.43802,0.044956422,0
0.438625,0.043890211,0
0.43923,0.041959455,0
0.439835,0.039687899,0
0.44044,0.037918918,0
0.441045,0.037047406,0
0.44165,0.036798048,0
0.442255,0.03665199,0
0.44286,0.036309125,0
0.443465,0.035765882,0
0.44407,0.035133408,0
0.444675,0.034475386,0
0.44528,0.033793095,0
0.445885,0.033093556,0
0.44649,0.032373427,0
0.447095,0.031495014,0
0.4477,0.030202462,0
0.448305,0.028425777,0
0.44891,0.026514925,0
0.449515,0.024985751,0
0.45012,0.024028242,0
0.450725,0.023374576,0
0.45133,0.022612917,0
0.451935,0.021526882,0
0.45254,0.020158103,0
0.453145,0.018662676,0
0.45375,0.017178594,0
0.454355,0.015768486,0
0.45496,0.014355813,0
0.455565,0.012696405,0
0.45617,0.010565858,0
0.456775,0.008095796,0
0.45738,0.005811717,0
0.457985,0.004154394,0
0.45859,0.003022998,0
0.459195,0.001959341,0
0.4598,0.000698427,0
0.460405,-0.000658992,0
0.46101,-0.001958897,0
0.461615,-0.003261295,0
0.46222,-0.0047296,0
0.462825,-0.006357927,0
0.46343,-0.007934679,0
0.464035,-0.00932652,0
0.46464,-0.010732374,0
0.465245,-0.012518197,0
0.46585,-0.014757825,0
0.466455,-0.017063465,0
0.46706,-0.018953485,0
0.467665,-0.020309363,0
0.46827,-0.021438998,0
0.468875,-0.022776347,0
0.46948,-0.024544276,0
0.470085,-0.026652081,0
0.47069,-0.028854448,0
0.471295,-0.030944281,0
0.4719,-0.032801139,0
0.472505,-0.034398206,0
0.47311,-0.035886737,0
0.473715,-0.037570106,0
0.47432,-0.0395899,0
0.474925,-0.041669442,0
0.47553,-0.043357221,0
0.476135,-0.044496622,0
0.47674,-0.045308007,0
0.477345,-0.046087963,0
0.47795,-0.047016912,0
0.478555,-0.048221423,0
0.47916,-0.049766857,0
0.479765,-0.051439101,0
0.48037,-0.052700646,0
0.480975,-0.053161984,0
0.48158,-0.053191659,0
0.482185,-0.053832341,0
0.48279,-0.05581472,0
0.483395,-0.058705712,0
0.484,-0.061325561,0
0.484605,-0.062969307,0
0.48521,-0.063935667,0
0.485815,-0.064924431,0
0.48642,-0.0662709,0
0.487025,-0.067887661,0
0.48763,-0.069656859,0
0.488235,-0.071481489,0
0.48884,-0.072985327,0
0.489445,-0.07365902,0
0.49005,-0.073611036,0
0.490655,-0.073879023,0
0.49126,-0.075520285,0
0.491865,-0.078423282,0
0.49247,-0.081411274,0
0.493075,-0.083480566,0
0.49368,-0.084571044,0
0.494285,-0.085226213,0
0.49489,-0.085952326,0
0.495495,-0.087028426,0
0.4961,-0.08860377,0
0.496705,-0.090524646,0
0.49731,-0.091996041,0
0.497915,-0.091944849,0
0.49852,-0.090284346,0
0.499125,-0.088660796,0
0.49973,-0.089220002,0
0.500335,-0.092405518,0
0.50094,-0.096501603,0
0.501545,-0.099469205,0
0.50215,-0.100685151,0
0.502755,-0.10087209,0
0.50336,-0.101020648,0
0.503965,-0.101703657,0
0.50457,-0.10303674,0
0.505175,-0.104717986,0
0.50578,-0.105961616,0
0.506385,-0.105849724,0
0.50699,-0.104288468,0
0.507595,-0.102611747,0
0.5082,-0.102682265,0
0.508805,-0.105049941,0
0.50941,-0.108338966,0
0.510015,-0.110688189,0
0.51062,-0.111399208,0
0.511225,-0.111027709,0
0.51183,-0.110431814,0
0.512435,-0.110199277,0
0.51304,-0.110708269,0
0.513645,-0.111957588,0
0.51425,-0.112960728,0
0.514855,-0.111933591,0
0.51546,-0.108069415,0
0.516065,-0.103259818,0
0.51667,-0.101098073,0
0.517275,-0.103420537,0
0.51788,-0.108315335,0
0.518485,-0.112145598,0
0.51909,-0.113023458,0
0.519695,-0.111792483,0
0.5203,-0.110279299,0
0.520905,-0.109489969,0
0.52151,-0.109429337,0
0.522115,-0.109755669,0
0.52272,-0.10990125,0
0.523325,-0.10887499,0
0.52393,-0.105917972,0
0.524535,-0.10179141,0
0.52514,-0.09881298,0
0.525745,-0.098837845,0
0.52635,-0.101321162,0
0.526955,-0.103898074,0
0.52756,-0.104666711,0
0.528165,-0.103465119,0
0.52877,-0.101302627,0
0.529375,-0.09927851,0
0.52998,-0.098093545,0
0.530585,-0.097902174,0
0.53119,-0.097960991,0
0.531795,-0.096583115,0
0.5324,-0.092379025,0
0.533005,-0.086191398,0
0.53361,-0.081282447,0
0.534215,-0.080576506,0
0.53482,-0.083664801,0
0.535425,-0.087257186,0
0.53603,-0.088479441,0
0.536635,-0.087022771,0
0.53724,-0.084379998,0
0.537845,-0.082030466,0
0.53845,-0.080593925,0
0.539055,-0.079976741,0
0.53966,-0.079586672,0
0.540265,-0.078400998,0
0.54087,-0.075466902,0
0.541475,-0.070939517,0
0.54208,-0.066566985,0
0.542685,-0.064486202,0
0.54329,-0.065140308,0
0.543895,-0.066745982,0
0.5445,-0.067094537,0
0.545105,-0.065500108,0
0.54571,-0.062815018,0
0.546315,-0.06011956,0
0.54692,-0.057914932,0
0.547525,-0.056300584,0
0.54813,-0.055141001,0
0.548735,-0.053708848,0
0.54934,-0.050754343,0
0.549945,-0.045771875,0
0.55055,-0.04022989,0
0.551155,-0.036745701,0
0.55176,-0.036558389,0
0.552365,-0.038239978,0
0.55297,-0.039220141,0
0.553575,-0.038129154,0
0.55418,-0.035433798,0
0.554785,-0.032397915,0
0.55539,-0.029946948,0
0.555995,-0.028317592,0
0.5566,-0.027218468,0
0.557205,-0.026001401,0
0.55781,-0.023897472,0
0.558415,-0.020586015,0
0.55902,-0.016743116,0
0.559625,-0.013728838,0
0.56023,-0.01236367,0
0.560835,-0.012106086,0
0.56144,-0.011667726,0
0.562045,-0.01023956,0
0.56265,-0.007902738,0
0.563255,-0.005159415,0
0.56386,-0.002475862,0
0.564465,-0.000224189,0
0.56507,0.001354482,0
0.565675,0.002468142,0
0.56628,0.003966121,0
0.566885,0.0067702,0
0.56749,0.010779066,0
0.568095,0.014528198,0
0.5687,0.016423641,0
0.569305,0.016368395,0
0.56991,0.015819279,0
0.570515,0.016284785,0
0.57112,0.018119826,0
0.571725,0.020662378,0
0.57233,0.023063035,0
0.572935,0.024844594,0
0.57354,0.025975229,0
0.574145,0.026770642,0
0.57475,0.027763011,0
0.575355,0.029377446,0
0.57596,0.031506343,0
0.576565,0.033480934,0
0.57717,0.034681655,0
0.577775,0.035186095,0
0.57838,0.035645632,0
0.578985,0.036572097,0
0.57959,0.037946385,0
0.580195,0.039461781,0
0.5808,0.040922957,0
0.581405,0.042345125,0
0.58201,0.043760181,0
0.582615,0.045083215,0
0.58322,0.04626798,0
0.583825,0.047491504,0
0.58443,0.048977515,0
0.585035,0.050595668,0
0.58564,0.05184963,0
0.586245,0.052436292,0
0.58685,0.05268039,0
0.587455,0.053243893,0
0.58806,0.054487272,0
0.588665,0.056201796,0
0.58927,0.057867699,0
0.589875,0.059078638,0
0.59048,0.059762074,0
0.591085,0.060133621,0
0.59169,0.060535686,0
0.592295,0.061228352,0
0.5929,0.062161708,0
0.593505,0.062937461,0
0.59411,0.06314977,0
0.594715,0.062846527,0
0.59532,0.062544698,0
0.595925,0.062717358,0
0.59653,0.063385991,0
0.597135,0.064281305,0
0.59774,0.065232484,0
0.598345,0.066228098,0
0.59895,0.067182481,0
0.599555,0.067890348,0
0.60016,0.068303786,0
0.600765,0.06868365,0
0.60137,0.069297572,0
0.601975,0.070011464,0
0.60258,0.070359608,0
0.603185,0.070092447,0
0.60379,0.069538533,0
0.604395,0.069309491,0
0.605,0.069705594,0
0.605605,0.070507693,0
0.60621,0.071292525,0
0.606815,0.071810152,0
0.60742,0.072040167,0
0.608025,0.072040668,0
0.60863,0.071895844,0
0.609235,0.071758141,0
0.60984,0.071737826,0
0.610445,0.071669558,0
0.61105,0.071146027,0
0.611655,0.069958886,0
0.61226,0.068460141,0
0.612865,0.067321572,0
0.61347,0.066927207,0
0.614075,0.067120248,0
0.61468,0.067510209,0
0.615285,0.067839276,0
0.61589,0.068013391,0
0.616495,0.067977362,0
0.6171,0.067741852,0
0.617705,0.067482704,0
0.61831,0.067416386,0
0.618915,0.06748331,0
0.61952,0.067263019,0
0.620125,0.066359335,0
0.62073,0.064880883,0
0.621335,0.063428711,0
0.62194,0.062578625,0
0.622545,0.062452374,0
0.62315,0.062748974,0
0.623755,0.063017227,0
0.62436,0.062886033,0
0.624965,0.062229699,0
0.62557,0.061252302,0
0.626175,0.060357861,0
0.62678,0.05979417,0
0.627385,0.059352544,0
0.62799,0.058479047,0
0.628595,0.056796959,0
0.6292,0.05456063,0
0.629805,0.052525826,0
0.63041,0.051323951,0
0.631015,0.051000606,0
0.63162,0.051130207,0
0.632225,0.051231161,0
0.63283,0.051027947,0
0.633435,0.050461216,0
0.63404,0.049627002,0
0.634645,0.048752864,0
0.63525,0.048100604,0
0.635855,0.047715751,0
0.63646,0.047251828,0
0.637065,0.046206847,0
0.63767,0.044473423,0
0.638275,0.042567548,0
0.63888,0.041165686,0
0.639485,0.04047723,0
0.64009,0.040170322,0
0.640695,0.039798983,0
0.6413,0.039162654,0
0.641905,0.038307426,0
0.64251,0.037344712,0
0.643115,0.036348058,0
0.64372,0.035334194,0
0.644325,0.034216196,0
0.64493,0.032794058,0
0.645535,0.030913719,0
0.64614,0.028695502,0
0.646745,0.026546541,0
0.64735,0.024869487,0
0.647955,0.02376829,0
0.64856,0.023049584,0
0.649165,0.022433911,0
0.64977,0.021727493,0
0.650375,0.020856907,0
0.65098,0.019820168,0
0.651585,0.018664652,0
0.65219,0.01751545,0
0.652795,0.016516402,0
0.6534,0.015622023,0
0.654005,0.014496759,0
0.65461,0.01280899,0
0.655215,0.010670689,0
0.65582,0.008614253,0
0.656425,0.007071682,0
0.65703,0.006024554,0
0.657635,0.005179961,0
0.65824,0.00428623,0
0.658845,0.003196082,0
0.65945,0.001788041,0
0.660055,8.48E-06,0
0.66066,-0.001998771,0
0.661265,-0.003929128,0
0.66187,-0.005588607,0
0.662475,-0.007124754,0
0.66308,-0.008912968,0
0.663685,-0.011165198,0
0.66429,-0.013671604,0
0.664895,-0.015938719,0
0.6655,-0.017552883,0
0.666105,-0.018468455,0
0.66671,-0.019064345,0
0.667315,-0.019911108,0
0.66792,-0.02137082,0
0.668525,-0.023349499,0
0.66913,-0.025390687,0
0.669735,-0.027008118,0
0.67034,-0.02805777,0
0.670945,-0.028928588,0
0.67155,-0.030283832,0
0.672155,-0.032407412,0
0.67276,-0.034844697,0
0.673365,-0.036869987,0
0.67397,-0.038225584,0
0.674575,-0.039236165,0
0.67518,-0.040328261,0
0.675785,-0.041655087,0
0.67639,-0.043170607,0
0.676995,-0.044856065,0
0.6776,-0.046689568,0
0.678205,-0.048442856,0
0.67881,-0.049760348,0
0.679415,-0.050618974,0
0.68002,-0.051595014,0
0.680625,-0.053370456,0
0.68123,-0.055922169,0
0.681835,-0.058477592,0
0.68244,-0.060321945,0
0.683045,-0.061394037,0
0.68365,-0.062111754,0
0.684255,-0.062932504,0
0.68486,-0.064165821,0
0.685465,-0.065920513,0
0.68607,-0.067921892,0
0.686675,-0.069434846,0
0.68728,-0.069757187,0
0.687885,-0.069084702,0
0.68849,-0.068735326,0
0.689095,-0.070065962,0
0.6897,-0.073053934,0
0.690305,-0.076316956,0
0.69091,-0.078596473,0
0.691515,-0.079815479,0
0.69212,-0.080671501,0
0.692725,-0.081705507,0
0.69333,-0.083027913,0
0.693935,-0.08464355,0
0.69454,-0.086528537,0
0.695145,-0.088262463,0
0.69575,-0.089050894,0
0.696355,-0.088605479,0
0.69696,-0.087908683,0
0.697565,-0.088566712,0
0.69817,-0.091164455,0
0.698775,-0.094601472,0
0.69938,-0.097238302,0
0.699985,-0.098364434,0
0.70059,-0.098441327,0
0.701195,-0.098350122,0
0.7018,-0.09874325,0
0.702405,-0.099916131,0
0.70301,-0.101714008,0
0.703615,-0.103236046,0
0.70422,-0.103096385,0
0.704825,-0.100777303,0
0.70543,-0.097838461,0
0.706035,-0.097016923,0
0.70664,-0.09957552,0
0.707245,-0.1039761,0
0.70785,-0.107566228,0
0.708455,-0.109065213,0
0.70906,-0.109073179,0
0.709665,-0.108793262,0
0.71027,-0.10892209,0
0.710875,-0.109620437,0
0.71148,-0.110811589,0
0.712085,-0.111980077,0
0.71269,-0.112017938,0
0.713295,-0.110125007,0
0.7139,-0.10717635,0
0.714505,-0.105551893,0
0.71511,-0.106904631,0
0.715715,-0.110352216,0
0.71632,-0.1134245,0
0.716925,-0.114481429,0
0.71753,-0.113727241,0
0.718135,-0.112320607,0
0.71874,-0.111239051,0
0.719345,-0.110955244,0
0.71995,-0.111457163,0
0.720555,-0.111993197,0
0.72116,-0.111055502,0
0.721765,-0.107495994,0
0.72237,-0.102202428,0
0.722975,-0.09818259,0
0.72358,-0.09805179,0
0.724185,-0.101361477,0
0.72479,-0.105044894,0
0.725395,-0.106437371,0
0.726,-0.105285117,0
0.726605,-0.103050557,0
0.72721,-0.101147046,0
0.727815,-0.100127401,0
0.72842,-0.099903369,0
0.729025,-0.099895186,0
0.72963,-0.098959289,0
0.730235,-0.096044894,0
0.73084,-0.091564262,0
0.731445,-0.087736006,0
0.73205,-0.086766989,0
0.732655,-0.088601731,0
0.73326,-0.090993923,0
0.733865,-0.091781301,0
0.73447,-0.090568928,0
0.735075,-0.088313687,0
0.73568,-0.086030385,0
0.736285,-0.084239726,0
0.73689,-0.083170472,0
0.737495,-0.082668632,0
0.7381,-0.081669374,0
0.738705,-0.078544773,0
0.73931,-0.072933254,0
0.739915,-0.067088622,0
0.74052,-0.064351117,0
0.741125,-0.065837111,0
0.74173,-0.069258688,0
0.742335,-0.071266339,0
0.74294,-0.070370214,0
0.743545,-0.067489682,0
0.74415,-0.064452874,0
0.744755,-0.062456879,0
0.74536,-0.061603714,0
0.745965,-0.061204897,0
0.74657,-0.060190481,0
0.747175,-0.057601643,0
0.74778,-0.053386185,0
0.748385,-0.048893341,0
0.74899,-0.046037364,0
0.749595,-0.045525913,0
0.7502,-0.046175539,0
0.750805,-0.046210592,0
0.75141,-0.044838689,0
0.752015,-0.042370154,0
0.75262,-0.03939934,0
0.753225,-0.036396,0
0.75383,-0.033842944,0
0.754435,-0.032126088,0
0.75504,-0.030940815,0
0.755645,-0.029067401,0
0.75625,-0.025352362,0
0.756855,-0.020234558,0
0.75746,-0.015890089,0
0.758065,-0.014245659,0
0.75867,-0.014938168,0
0.759275,-0.015736897,0
0.75988,-0.014848208,0
0.760485,-0.012327348,0
0.76109,-0.009406967,0
0.761695,-0.00706779,0
0.7623,-0.005438283,0
0.762905,-0.004150707,0
0.76351,-0.002792624,0
0.764115,-0.000987632,0
0.76472,0.001552187,0
0.765325,0.004676196,0
0.76593,0.007582291,0
0.766535,0.009378025,0
0.76714,0.009985678,0
0.767745,0.01022137,0
0.76835,0.010969877,0
0.768955,0.01255179,0
0.76956,0.014795643,0
0.770165,0.017338282,0
0.77077,0.019753761,0
0.771375,0.021641509,0
0.77198,0.022911235,0
0.772585,0.02408507,0
0.77319,0.026054371,0
0.773795,0.029158699,0
0.7744,0.032505968,0
0.775005,0.034630909,0
0.77561,0.035028704,0
0.776215,0.034704114,0
0.77682,0.035031184,0
0.777425,0.036409867,0
0.77803,0.038205185,0
0.778635,0.039674258,0
0.77924,0.040656524,0
0.779845,0.041437565,0
0.78045,0.042255913,0
0.781055,0.043147592,0
0.78166,0.044122595,0
0.782265,0.045206603,0
0.78287,0.046270998,0
0.783475,0.047043609,0
0.78408,0.047435726,0
0.784685,0.047734263,0
0.78529,0.04834304,0
0.785895,0.049437351,0
0.7865,0.050926402,0
0.787105,0.052593416,0
0.78771,0.054182431,0
0.788315,0.05545466,0
0.78892,0.056301323,0
0.789525,0.056868183,0
0.79013,0.05752638,0
0.790735,0.05858361,0
0.79134,0.05992181,0
0.791945,0.061004293,0
0.79255,0.061419821,0
0.793155,0.061395235,0
0.79376,0.06159281,0
0.794365,0.062426956,0
0.79497,0.063735667,0
0.795575,0.065068531,0
0.79618,0.06611324,0
0.796785,0.066822208,0
0.79739,0.067294258,0
0.797995,0.067678347,0
0.7986,0.068127955,0
0.799205,0.06867125,0
0.79981,0.069088017,0
0.800415,0.069052077,0
0.80102,0.068514563,0
0.801625,0.067902948,0
0.80223,0.067812989,0
0.802835,0.068469236,0
0.80344,0.069541722,0
0.804045,0.070502228,0
0.80465,0.071108667,0
0.805255,0.071501949,0
0.80586,0.071897262,0
0.806465,0.072336206,0
0.80707,0.072759071,0
0.807675,0.073129523,0
0.80828,0.073363029,0
0.808885,0.073256366,0
0.80949,0.072682249,0
0.810095,0.071856118,0
0.8107,0.071250633,0
0.811305,0.071181323,0
0.81191,0.071545229,0
0.812515,0.071976039,0
0.81312,0.072173674,0
0.813725,0.072055826,0
0.81433,0.071691932,0
0.814935,0.071222787,0
0.81554,0.070818542,0
0.816145,0.070540123,0
0.81675,0.07016364,0
0.817355,0.069272366,0
0.81796,0.06769017,0
0.818565,0.065813244,0
0.81917,0.064357766,0
0.819775,0.063729742,0
0.82038,0.063728027,0
0.820985,0.063846948,0
0.82159,0.063737557,0
0.822195,0.063363816,0
0.8228,0.062863454,0
0.823405,0.062382598,0
0.82401,0.062004363,0
0.824615,0.061703351,0
0.82522,0.061304272,0
0.825825,0.060537255,0
0.82643,0.059246982,0
0.827035,0.057616828,0
0.82764,0.056120054,0
0.828245,0.055146702,0
0.82885,0.054698805,0
0.829455,0.05449003,0
0.83006,0.054246312,0
0.830665,0.053825832,0
0.83127,0.053153896,0
0.831875,0.052216412,0
0.83248,0.051146764,0
0.833085,0.050178975,0
0.83369,0.049370384,0
0.834295,0.048407119,0
0.8349,0.046865619,0
0.835505,0.044742994,0
0.83611,0.042609973,0
0.836715,0.041135635,0
0.83732,0.040516832,0
0.837925,0.040426439,0
0.83853,0.040409251,0
0.839135,0.040212902,0
0.83974,0.039810222,0
0.840345,0.039274842,0
0.84095,0.0387099,0
0.841555,0.03821642,0
0.84216,0.037785937,0
0.842765,0.037185182,0
0.84337,0.036074799,0
0.843975,0.034369132,0
0.84458,0.032432662,0
0.845185,0.03080078,0
0.84579,0.029722111,0
0.846395,0.029049053,0
0.847,0.028486983,0
0.847605,0.027805012,0
0.84821,0.026849974,0
0.848815,0.025540047,0
0.84942,0.023959776,0
0.850025,0.02239615,0
0.85063,0.021100218,0
0.851235,0.019946105,0
0.85184,0.01846442,0
0.852445,0.016348347,0
0.85305,0.013876629,0
0.853655,0.011707966,0
0.85426,0.010267512,0
0.854865,0.009432231,0
0.85547,0.008764586,0
0.856075,0.007911642,0
0.85668,0.006776846,0
0.857285,0.005413542,0
0.85789,0.003861925,0
0.858495,0.002171186,0
0.8591,0.000520738,0
0.859705,-0.000883751,0
0.86031,-0.002115364,0
0.860915,-0.003549192,0
0.86152,-0.005426433,0
0.862125,-0.007523316,0
0.86273,-0.00940147,0
0.863335,-0.010871089,0
0.86394,-0.012094774,0
0.864545,-0.013350324,0
0.86515,-0.014803178,0
0.865755,-0.016465951,0
0.86636,-0.018268045,0
0.866965,-0.020092587,0
0.86757,-0.021798645,0
0.868175,-0.023334809,0
0.86878,-0.024871846,0
0.869385,-0.026728891,0
0.86999,-0.029050545,0
0.870595,-0.031572538,0
0.8712,-0.033809203,0
0.871805,-0.035467752,0
0.87241,-0.036632019,0
0.873015,-0.03761182,0
0.87362,-0.03869805,0
0.874225,-0.040043989,0
0.87483,-0.041671476,0
0.875435,-0.043437365,0
0.87604,-0.044968634,0
0.876645,-0.04585456,0
0.87725,-0.046153058,0
0.877855,-0.046627823,0
0.87846,-0.048131393,0
0.879065,-0.050657023,0
0.87967,-0.053290823,0
0.880275,-0.055183933,0
0.88088,-0.056305024,0
0.881485,-0.057206046,0
0.88209,-0.058353471,0
0.882695,-0.059838467,0
0.8833,-0.061548499,0
0.883905,-0.063327643,0
0.88451,-0.064918219,0
0.885115,-0.06601787,0
0.88572,-0.066647469,0
0.886325,-0.067377031,0
0.88693,-0.068884261,0
0.887535,-0.071199512,0
0.88814,-0.073616009,0
0.888745,-0.075417712,0
0.88935,-0.07648288,0
0.889955,-0.07717735,0
0.89056,-0.077934559,0
0.891165,-0.079045711,0
0.89177,-0.08065516,0
0.892375,-0.082634807,0
0.89298,-0.084348229,0
0.893585,-0.084869278,0
0.89419,-0.083926149,0
0.894795,-0.082681343,0
0.8954,-0.083037471,0
0.896005,-0.08576066,0
0.89661,-0.089603161,0
0.897215,-0.092614755,0
0.89782,-0.093997484,0
0.898425,-0.094413545,0
0.89903,-0.094879073,0
0.899635,-0.095834944,0
0.90024,-0.097217739,0
0.900845,-0.09885536,0
0.90145,-0.100346549,0
0.902055,-0.100875959,0
0.90266,-0.099912796,0
0.903265,-0.098284536,0
0.90387,-0.09791332,0
0.904475,-0.099964285,0
0.90508,-0.103588011,0
0.905685,-0.106865674,0
0.90629,-0.108592449,0
0.906895,-0.108842197,0
0.9075,-0.108369965,0
0.908105,-0.108048898,0
0.90871,-0.108619255,0
0.909315,-0.110227367,0
0.90992,-0.11184251,0
0.910525,-0.111589857,0
0.91113,-0.108489304,0
0.911735,-0.104112436,0
0.91234,-0.1018311,0
0.912945,-0.103704446,0
0.91355,-0.108370856,0
0.914155,-0.112551813,0
0.91476,-0.114237902,0
0.915365,-0.113858868,0
0.91597,-0.112898429,0
0.916575,-0.112305178,0
0.91718,-0.112278276,0
0.917785,-0.11275915,0
0.91839,-0.113395937,0
0.918995,-0.113184129,0
0.9196,-0.111013873,0
0.920205,-0.107160173,0
0.92081,-0.103834688,0
0.921415,-0.103406696,0
0.92202,-0.105958137,0
0.922625,-0.109160215,0
0.92323,-0.110581572,0
0.923835,-0.109631634,0
0.92444,-0.10739162,0
0.925045,-0.105271873,0
0.92565,-0.104107452,0
0.926255,-0.104011218,0
0.92686,-0.104304072,0
0.927465,-0.103459554,0
0.92807,-0.099958777,0
0.928675,-0.094096875,0
0.92928,-0.088723829,0
0.929885,-0.087097415,0
0.93049,-0.089609956,0
0.931095,-0.093342856,0
0.9317,-0.095079862,0
0.932305,-0.094051927,0
0.93291,-0.091629811,0
0.933515,-0.089309681,0
0.93412,-0.087667028,0
0.934725,-0.086736871,0
0.93533,-0.086325026,0
0.935935,-0.085608765,0
0.93654,-0.083251148,0
0.937145,-0.078822273,0
0.93775,-0.073983023,0
0.938355,-0.071385788,0
0.93896,-0.072037204,0
0.939565,-0.074251629,0
0.94017,-0.075444069,0
0.940775,-0.074434292,0
0.94138,-0.071847327,0
0.941985,-0.068953017,0
0.94259,-0.066632365,0
0.943195,-0.065178581,0
0.9438,-0.06438617,0
0.944405,-0.063414729,0
0.94501,-0.060932901,0
0.945615,-0.056243025,0
0.94622,-0.050598815,0
0.946825,-0.046749332,0
0.94743,-0.04642616,0
0.948035,-0.048508647,0
0.94864,-0.050202609,0
0.949245,-0.049718299,0
0.94985,-0.047355207,0
0.950455,-0.044446051,0
0.95106,-0.041971526,0
0.951665,-0.040196203,0
0.95227,-0.039003742,0
0.952875,-0.037992564,0
0.95348,-0.036326958,0
0.954085,-0.033186796,0
0.95469,-0.028838941,0
0.955295,-0.024941108,0
0.9559,-0.023150248,0
0.956505,-0.023392143,0
0.95711,-0.023930052,0
0.957715,-0.023115723,0
0.95832,-0.020709674,0
0.958925,-0.017612713,0
0.95953,-0.014809829,0
0.960135,-0.0127326,0
0.96074,-0.011291712,0
0.961345,-0.010049461,0
0.96195,-0.008260541,0
0.962555,-0.005187641,0
0.96316,-0.000910391,0
0.963765,0.003231658,0
0.96437,0.005601059,0
0.964975,0.005906669,0
0.96558,0.005502056,0
0.966185,0.005952634,0
0.96679,0.007720477,0
0.967395,0.010265991,0
0.968,0.012883016,0
0.968605,0.015140645,0
0.96921,0.016837201,0
0.969815,1.80E-02,0.00E+00
0.97042,0.019196076,0
0.971025,0.021044592,0
0.97163,0.023765181,0
0.972235,0.026600693,0
0.97284,0.028455395,0
0.973445,0.029042554,0
0.97405,0.029176539,0
0.974655,0.029872291,0
0.97526,0.031440496,0
0.975865,0.03349204,0
0.97647,0.035484431,0
0.977075,0.037100159,0
0.97768,0.038281009,0
0.978285,0.039148215,0
0.97889,0.039981811,0
0.979495,0.041173372,0
0.9801,0.042978276,0
0.980705,0.045159334,0
0.98131,0.046997327,0
0.981915,0.047914788,0
0.98252,0.048085764,0
0.983125,0.048258753,0
0.98373,0.049032064,0
0.984335,0.050430966,0
0.98494,0.05208039,0
0.985545,0.053583272,0
0.98615,0.054708786,0
0.986755,0.055405011,0
0.98736,0.055830881,0
0.987965,0.056339232,0
0.98857,0.057208562,0
0.989175,0.058304871,0
0.98978,0.059142774,0
0.990385,0.059396141,0
0.99099,0.059284133,0
0.991595,0.05937233,0
0.9922,0.060060436,0
0.992805,0.061313101,0
0.99341,0.0627756,0
0.994015,0.064056258,0
0.99462,0.06495182,0
0.995225,0.065500269,0
0.99583,0.065887618,0
0.996435,0.066316639,0
0.99704,0.066887466,0
0.997645,0.067518197,0
0.99825,0.067997212,0
0.998855,0.06818867,0
0.99946,0.068201648,0
1.000065,0.068317725,0
1.00067,0.068753175,0
1.001275,0.069515064,0
1.00188,0.070445494,0
1.002485,0.071320233,0
1.00309,0.071903201,0
1.003695,0.072044366,0
1.0043,0.071854367,0
1.004905,0.071704199,0
1.00551,0.071864372,0
1.006115,0.072132892,0
1.00672,0.071992839,0
1.007325,0.071219597,0
1.00793,0.070207704,0
1.008535,0.069590475,0
1.00914,0.069636425,0
1.009745,0.070127137,0
1.01035,0.070697754,0
1.010955,0.071113045,0
1.01156,0.071276166,0
1.012165,0.071190047,0
1.01277,0.070984972,0
1.013375,0.070863713,0
1.01398,0.070901461,0
1.014585,0.070898813,0
1.01519,0.07050511,0
1.015795,0.069564606,0
1.0164,0.068352203,0
1.017005,0.067394701,0
1.01761,0.067015125,0
1.018215,0.067091107,0
1.01882,0.067255324,0
1.019425,0.067237702,0
1.02003,0.066976493,0
1.020635,0.066502293,0
1.02124,0.065847148,0
1.021845,0.065075799,0
1.02245,0.064283485,0
1.023055,0.063459168,0
1.02366,0.06239305,0
1.024265,0.060849838,0
1.02487,0.058881825,0
1.025475,0.056891881,0
1.02608,0.055340819,0
1.026685,0.054448447,0
1.02729,0.054159748,0
1.027895,0.05424883,0
1.0285,0.054393438,0
1.029105,0.054269737,0
1.02971,0.053714823,0
1.030315,0.052838164,0
1.03092,0.051935068,0
1.031525,0.05122365,0
1.03213,0.05063,0
1.032735,0.049857869,0
1.03334,0.04871034,0
1.033945,0.04732486,0
1.03455,0.046054675,0
1.035155,0.045160745,0
1.03576,0.044669973,0
1.036365,0.044448338,0
1.03697,0.044275794,0
1.037575,0.043871705,0
1.03818,0.043019427,0
1.038785,0.041776955,0
1.03939,0.040484016,0
1.039995,0.039408063,0
1.0406,0.038377877,0
1.041205,0.03692057,0
1.04181,0.034849872,0
1.042415,0.032605066,0
1.04302,0.030862372,0
1.043625,0.029873239,0
1.04423,0.029333742,0
1.044835,0.02883455,0
1.04544,0.028234498,0
1.046045,0.027582298,0
1.04665,0.026869041,0
1.047255,0.026007867,0
1.04786,0.025015187,0
1.048465,0.024059657,0
1.04907,0.023240749,0
1.049675,0.022363753,0
1.05028,0.021064103,0
1.050885,0.019235204,0
1.05149,0.017257157,0
1.052095,0.015686692,0
1.0527,0.014738328,0
1.053305,0.014131935,0
1.05391,0.013411488,0
1.054515,0.012330159,0
1.05512,0.010919779,0
1.055725,0.009308881,0
1.05633,0.007608746,0
1.056935,0.005931075,0
1.05754,0.00433614,0
1.058145,0.002696363,0
1.05875,0.000745189,0
1.059355,-0.001598764,0
1.05996,-0.004017538,0
1.060565,-0.006037209,0
1.06117,-0.007454548,0
1.061775,-0.008447107,0
1.06238,-0.009342355,0
1.062985,-0.010394856,0
1.06359,-0.0117522,0
1.064195,-0.013458841,0
1.0648,-0.01535337,0
1.065405,-0.017039636,0
1.06601,-0.018182603,0
1.066615,-0.018942029,0
1.06722,-0.019975631,0
1.067825,-0.021811872,0
1.06843,-0.024266362,0
1.069035,-0.026663834,0
1.06964,-0.028550272,0
1.070245,-0.029974767,0
1.07085,-0.031196105,0
1.071455,-0.032397752,0
1.07206,-0.033692446,0
1.072665,-0.035191473,0
1.07327,-0.036923912,0
1.073875,-0.038702725,0
1.07448,-0.040201979,0
1.075085,-0.041300528,0
1.07569,-0.042336076,0
1.076295,-0.043843571,0
1.0769,-0.045961527,0
1.077505,-0.048251932,0
1.07811,-0.050162264,0
1.078715,-0.051486253,0
1.07932,-0.052376248,0
1.079925,-0.05316648,0
1.08053,-0.054258978,0
1.081135,-0.055946487,0
1.08174,-0.058103378,0
1.082345,-0.06006018,0
1.08295,-0.061038149,0
1.083555,-0.060962966,0
1.08416,-0.060834172,0
1.084765,-0.061980695,0
1.08537,-0.064745583,0
1.085975,-0.068111453,0
1.08658,-0.070781225,0
1.087185,-0.072374748,0
1.08779,-0.073441103,0
1.088395,-0.074631065,0
1.089,-0.076167414,0
1.089605,-0.078003511,0
1.09021,-0.080054944,0
1.090815,-0.082024147,0
1.09142,-0.083318901,0
1.092025,-0.083628774,0
1.09263,-0.083580387,0
1.093235,-0.084377514,0
1.09384,-0.086558628,0
1.094445,-0.089403328,0
1.09505,-0.091762782,0
1.095655,-0.093139811,0
1.09626,-0.093778175,0
1.096865,-0.094113114,0
1.09747,-0.094509067,0
1.098075,-0.095354592,0
1.09868,-0.096893507,0
1.099285,-0.098647067,0
1.09989,-0.099312129,0
1.100495,-0.097925469,0
1.1011,-0.095383266,0
1.101705,-0.09420015,0
1.10231,-0.096106745,0
1.102915,-0.10017814,0
1.10352,-0.103892057,0
1.104125,-0.105679287,0
1.10473,-0.105901715,0
1.105335,-0.105760559,0
1.10594,-0.106018701,0
1.106545,-0.106823762,0
1.10715,-0.10810064,0
1.107755,-0.109503653,0
1.10836,-0.110135486,0
1.108965,-0.109084721,0
1.10957,-0.106698212,0
1.110175,-0.104891723,0
1.11078,-0.105500398,0
1.111385,-0.108363268,0
1.11199,-0.111535051,0
1.112595,-0.113244693,0
1.1132,-0.113171149,0
1.113805,-0.11208063,0
1.11441,-0.110942187,0
1.115015,-0.110510184,0
1.11562,-0.111132093,0
1.116225,-0.112294803,0
1.11683,-0.112410483,0
1.117435,-0.109863569,0
1.11804,-0.104977859,0
1.118645,-0.100644926,0
1.11925,-0.100029785,0
1.119855,-0.103388676,0
1.12046,-0.107798267,0
1.121065,-0.110143695,0
1.12167,-0.109718795,0
1.122275,-0.107912127,0
1.12288,-0.106300213,0
1.123485,-0.105575096,0
1.12409,-0.105720854,0
1.124695,-0.106251184,0
1.1253,-0.106089735,0
1.125905,-0.104021989,0
1.12651,-0.100035996,0
1.127115,-0.096035968,0
1.12772,-0.094438656,0
1.128325,-0.095793391,0
1.12893,-0.098255744,0
1.129535,-0.099536082,0
1.13014,-0.098847688,0
1.130745,-0.096882642,0
1.13135,-0.094624465,0
1.131955,-0.092701789,0
1.13256,-0.091496433,0
1.133165,-0.09101515,0
1.13377,-0.090315121,0
1.134375,-0.0877053,0
1.13498,-0.082463045,0
1.135585,-0.076431339,0
1.13619,-0.072988134,0
1.136795,-0.073804815,0
1.1374,-0.077097524,0
1.138005,-0.079506605,0
1.13861,-0.07919808,0
1.139215,-0.076804248,0
1.13982,-0.073997626,0
1.140425,-0.071858901,0
1.14103,-0.070501948,0
1.141635,-0.069548663,0
1.14224,-0.068396358,0
1.142845,-0.066226216,0
1.14345,-0.06254091,0
1.144055,-0.058107322,0
1.14466,-0.054836841,0
1.145265,-0.054038844,0
1.14587,-0.054980409,0
1.146475,-0.055689466,0
1.14708,-0.054910951,0
1.147685,-0.052808828,0
1.14829,-0.050152404,0
1.148895,-0.047528973,0
1.1495,-0.045336055,0
1.150105,-0.043865426,0
1.15071,-0.04284244,0
1.151315,-0.041046406,0
1.15192,-0.037123056,0
1.152525,-0.031300718,0
1.15313,-0.02596947,0
1.153735,-0.023750784,0
1.15434,-0.024853576,0
1.154945,-0.026904207,0
1.15555,-0.027396967,0
1.156155,-0.025723368,0
1.15676,-0.022894991,0
1.157365,-0.020111251,0
1.15797,-0.017971028,0
1.158575,-0.016568263,0
1.15918,-0.015632772,0
1.159785,-0.0144438,0
1.16039,-0.01213958,0
1.160995,-0.008631266,0
1.1616,-0.005099001,0
1.162205,-0.003049874,0
1.16281,-0.002739348,0
1.163415,-0.002913327,0
1.16402,-0.002187494,0
1.164625,-0.000262114,0
1.16523,0.00226637,0
1.165835,0.004785453,0
1.16644,0.007073903,0
1.167045,0.009102673,0
1.16765,0.010865531,0
1.168255,0.012563785,0
1.16886,0.014725792,0
1.169465,0.017752419,0
1.17007,0.021200585,0
1.170675,0.023854157,0
1.17128,0.024893285,0
1.171885,0.024843115,0
1.17249,0.025052543,0
1.173095,0.026390105,0
1.1737,0.028681273,0
1.174305,0.031204527,0
1.17491,0.033393405,0
1.175515,0.035058187,0
1.17612,0.036257401,0
1.176725,0.0372327,0
1.17733,0.038376271,0
1.177935,0.039952134,0
1.17854,0.041727431,0
1.179145,0.043081777,0
1.17975,0.043704354,0
1.180355,0.044056258,0
1.18096,0.044889723,0
1.181565,0.046408931,0
1.18217,0.04816172,0
1.182775,0.049685936,0
1.18338,0.050969888,0
1.183985,0.052222993,0
1.18459,0.053468507,0
1.185195,0.054585152,0
1.1858,0.055641592,0
1.186405,0.056930484,0
1.18701,0.058549297,0
1.187615,0.060071295,0
1.18822,0.060878246,0
1.188825,0.060854342,0
1.18943,0.060556676,0
1.190035,0.060672326,0
1.19064,0.061455235,0
1.191245,0.062654898,0
1.19185,0.063814251,0
1.192455,0.064620873,0
1.19306,0.065097195,0
1.193665,0.065524619,0
1.19427,0.066158491,0
1.194875,0.066961758,0
1.19548,0.067588376,0
1.196085,0.067660212,0
1.19669,0.06714485,0
1.197295,0.066483731,0
1.1979,0.0662538,0
1.198505,0.066657606,0
1.19911,0.067417044,0
1.199715,0.068159883,0
1.20032,0.068781647,0
1.200925,0.069379731,0
1.20153,0.069959154,0
1.202135,0.070384423,0
1.20274,0.07063878,0
1.203345,0.070929854,0
1.20395,0.071377161,0
1.204555,0.071704942,0
1.20516,0.071487106,0
1.205765,0.070733161,0
1.20637,0.070014304,0
1.206975,0.069899651,0
1.20758,0.070409677,0
1.208185,0.071089437,0
1.20879,0.071490397,0
1.209395,0.071519985,0
1.21,0.071401208,0
1.210605,0.071386841,0
1.21121,0.071543994,0
1.211815,0.071736227,0
1.21242,0.071694213,0
1.213025,0.07112468,0
1.21363,0.069930988,0
1.214235,0.068432911,0
1.21484,0.067241469,0
1.215445,0.066764034,0
1.21605,0.066876502,0
1.216655,0.067148034,0
1.21726,0.067289665,0
1.217865,0.067283929,0
1.21847,0.067173561,0
1.219075,0.066939464,0
1.21968,0.066634498,0
1.220285,0.066419261,0
1.22089,0.066293041,0
1.221495,0.065912592,0
1.2221,0.064893469,0
1.222705,0.063300948,0
1.22331,0.06168197,0
1.223915,0.060555693,0
1.22452,0.059984699,0
1.225125,0.05967475,0
1.22573,0.059339808,0
1.226335,0.058858457,0
1.22694,0.05817483,0
1.227545,0.057249207,0
1.22815,0.056168631,0
1.228755,0.055160297,0
1.22936,0.054341744,0
1.229965,0.05347361,0
1.23057,0.052105536,0
1.231175,0.050074175,0
1.23178,0.047802885,0
1.232385,0.046004493,0
1.23299,0.045104341,0
1.233595,0.044981494,0
1.2342,0.045159536,0
1.234805,0.045148472,0
1.23541,0.044695939,0
1.236015,0.043886358,0
1.23662,0.043051375,0
1.237225,0.042493818,0
1.23783,0.042192714,0
1.238435,0.041755888,0
1.23904,0.040739091,0
1.239645,0.039103789,0
1.24025,0.037341398,0
1.240855,0.036054112,0
1.24146,0.035416467,0
1.242065,0.035116789,0
1.24267,0.03476575,0
1.243275,0.034218579,0
1.24388,0.033510167,0
1.244485,0.032649563,0
1.24509,0.031601934,0
1.245695,0.030430342,0
1.2463,0.029302226,0
1.246905,0.028252723,0
1.24751,0.027022199,0
1.248115,0.025301452,0
1.24872,0.023171169,0
1.249325,0.021157894,0
1.24993,0.019764079,0
1.250535,0.019010815,0
1.25114,0.01848875,0
1.251745,0.017769648,0
1.25235,0.016702974,0
1.252955,0.015388991,0
1.25356,0.014001127,0
1.254165,0.012682482,0
1.25477,0.011509681,0
1.255375,0.010416137,0
1.25598,0.009148928,0
1.256585,0.00743409,0
1.25719,0.005278605,0
1.257795,0.003050979,0
1.2584,0.001161375,0
1.259005,-0.00031068,0
1.25961,-0.001593295,0
1.260215,-0.002902452,0
1.26082,-0.004294414,0
1.261425,-0.005809649,0
1.26203,-0.007556385,0
1.262635,-0.009536701,0
1.26324,-0.011523589,0
1.263845,-0.013291367,0
1.26445,-0.014946906,0
1.265055,-0.016879779,0
1.26566,-0.019319475,0
1.266265,-0.022016583,0
1.26687,-0.02444212,0
1.267475,-0.026263424,0
1.26808,-0.027566499,0
1.268685,-0.028691759,0
1.26929,-0.029952627,0
1.269895,-0.031472238,0
1.2705,-0.033189667,0
1.271105,-0.034953379,0
1.27171,-0.036581985,0
1.272315,-0.037901273,0
1.27292,-0.03887361,0
1.273525,-0.039764371,0
1.27413,-0.041034665,0
1.274735,-0.042883163,0
1.27534,-0.044962332,0
1.275945,-0.046707065,0
1.27655,-0.047884661,0
1.277155,-0.048727093,0
1.27776,-0.049626697,0
1.278365,-0.050841085,0
1.27897,-0.052456839,0
1.279575,-0.054413697,0
1.28018,-0.056397497,0
1.280785,-0.057884576,0
1.28139,-0.058618635,0
1.281995,-0.059078958,0
1.2826,-0.060184043,0
1.283205,-0.062340174,0
1.28381,-0.064968889,0
1.284415,-0.06714269,0
1.28502,-0.068472225,0
1.285625,-0.069227586,0
1.28623,-0.069882202,0
1.286835,-0.070805386,0
1.28744,-0.072241219,0
1.288045,-0.074196479,0
1.28865,-0.076164104,0
1.289255,-0.077225878,0
1.28986,-0.076895639,0
1.290465,-0.075987892,0
1.29107,-0.076243582,0
1.291675,-0.078679137,0
1.29228,-0.082488963,0
1.292885,-0.085909302,0
1.29349,-0.087913652,0
1.294095,-0.088773415,0
1.2947,-0.089325439,0
1.295305,-0.090176367,0
1.29591,-0.091549391,0
1.296515,-0.093390468,0
1.29712,-0.095241522,0
1.297725,-0.096239957,0
1.29833,-0.095825807,0
1.298935,-0.094646248,0
1.29954,-0.094357312,0
1.300145,-0.096103741,0
1.30075,-0.099330037,0
1.301355,-0.102395426,0
1.30196,-0.10414172,0
1.302565,-0.104589501,0
1.30317,-0.104455099,0
1.303775,-0.104468893,0
1.30438,-0.1051196,0
1.304985,-0.106569871,0
1.30559,-0.108316894,0
1.306195,-0.108982466,0
1.3068,-0.107208572,0
1.307405,-0.103460827,0
1.30801,-0.100559671,0
1.308615,-0.101356726,0
1.30922,-0.10571929,0
1.309825,-0.110607362,0
1.31043,-0.113204566,0
1.311035,-0.113234078,0
1.31164,-0.112252218,0
1.312245,-0.111653498,0
1.31285,-0.111832713,0
1.313455,-0.112606706,0
1.31406,-0.113489325,0
1.314665,-0.113516168,0
1.31527,-0.111704584,0
1.315875,-0.108346737,0
1.31648,-0.105473058,0
1.317085,-0.105231776,0
1.31769,-0.107701902,0
1.318295,-0.110817972,0
1.3189,-0.112458071,0
1.319505,-0.112107205,0
1.32011,-0.110589979,0
1.320715,-0.108932605,0
1.32132,-0.107812755,0
1.321925,-0.107590669,0
1.32253,-0.10806188,0
1.323135,-0.107949879,0
1.32374,-0.10538536,0
1.324345,-0.099895615,0
1.32495,-0.093924314,0
1.325555,-0.091269824,0
1.32616,-0.093368003,0
1.326765,-0.097750048,0
1.32737,-0.100620489,0
1.327975,-0.100323196,0
1.32858,-0.097975016,0
1.329185,-0.095556129,0
1.32979,-0.0941426,0
1.330395,-0.093667444,0
1.331,-0.093485738,0
1.331605,-0.092714637,0
1.33221,-0.090474509,0
1.332815,-0.086616678,0
1.33342,-0.082432258,0
1.334025,-0.080015122,0
1.33463,-0.080355369,0
1.335235,-0.082302003,0
1.33584,-0.083738264,0
1.336445,-0.083442915,0
1.33705,-0.081594033,0
1.337655,-0.079056019,0
1.33826,-0.076733463,0
1.338865,-0.075327868,0
1.33947,-0.074978527,0
1.340075,-0.074742112,0
1.34068,-0.072766128,0
1.341285,-0.067809955,0
1.34189,-0.061081373,0
1.342495,-0.056020297,0
1.3431,-0.055320978,0
1.343705,-0.058168475,0
1.34431,-0.061084035,0
1.344915,-0.061383814,0
1.34552,-0.059174543,0
1.346125,-0.056218116,0
1.34673,-0.053809197,0
1.347335,-0.052085073,0
1.34794,-0.050712529,0
1.348545,-0.049397626,0
1.34915,-0.047671199,0
1.349755,-0.044895783,0
1.35036,-0.041045052,0
1.350965,-0.03724002,0
1.35157,-0.03492238,0
1.352175,-0.034407712,0
1.35278,-0.034605833,0
1.353385,-0.034143196,0
1.35399,-0.032419953,0
1.354595,-0.029696022,0
1.3552,-0.026643694,0
1.355805,-0.023968701,0
1.35641,-0.022126183,0
1.357015,-0.02094815,0
1.35762,-0.019438114,0
1.358225,-0.01636735,0
1.35883,-0.011613109,0
1.359435,-0.006842818,0
1.36004,-0.004242332,0
1.360645,-0.004305663,0
1.36125,-0.005332163,0
1.361855,-0.005274349,0
1.36246,-0.003569462,0
1.363065,-0.001022371,0
1.36367,0.001473253,0
1.364275,0.003640243,0
1.36488,0.005537942,0
1.365485,0.007174398,0
1.36609,0.008646615,0
1.366695,0.010354698,0
1.3673,0.012647453,0
1.367905,0.015230157,0
1.36851,0.017258827,0
1.369115,0.018232086,0
1.36972,0.018597948,0
1.370325,0.019286444,0
1.37093,0.020824399,0
1.371535,0.023051139,0
1.37214,0.025477231,0
1.372745,0.027704006,0
1.37335,0.029562216,0
1.373955,0.031057569,0
1.37456,0.032350788,0
1.375165,0.033777224,0
1.37577,0.035667061,0
1.376375,0.037928321,0
1.37698,0.039897528,0
1.377585,0.040923027,0
1.37819,0.041136869,0
1.378795,0.041381341,0
1.3794,0.042345557,0
1.380005,0.043995827,0
1.38061,0.045832544,0
1.381215,0.047446629,0
1.38182,0.048724866,0
1.382425,0.049698791,0
1.38303,0.050445671,0
1.383635,0.05115686,0
1.38424,0.05207885,0
1.384845,0.053234818,0
1.38545,0.05431385,0
1.386055,0.055001195,0
1.38666,0.055371734,0
1.387265,0.055819911,0
1.38787,0.056656705,0
1.388475,0.057894997,0
1.38908,0.059341605,0
1.389685,0.060743068,0
1.39029,0.061862901,0
1.390895,0.062570212,0
1.3915,0.06297456,0
1.392105,0.063447894,0
1.39271,0.064360436,0
1.393315,0.065687906,0
1.39392,0.066929225,0
1.394525,0.06753739,0
1.39513,0.067471462,0
1.395735,0.067254005,0
1.39634,0.067470303,0
1.396945,0.068284909,0
1.39755,0.069425863,0
1.398155,0.070498127,0
1.39876,0.071237779,0
1.399365,0.071553831,0
1.39997,0.071501082,0
1.400575,0.071291293,0
1.40118,0.071213529,0
1.401785,0.071377251,0
1.40239,0.071523511,0
1.402995,0.071230133,0
1.4036,0.0703966,0
1.404205,0.069456988,0
1.40481,0.069026496,0
1.405415,0.069357563,0
1.40602,0.070162512,0
1.406625,0.070918856,0
1.40723,0.071304021,0
1.407835,0.071346751,0
1.40844,0.071253926,0
1.409045,0.071211168,0
1.40965,0.071313495,0
1.410255,0.071499647,0
1.41086,0.071492109,0
1.411465,0.070982844,0
1.41207,0.070019307,0
1.412675,0.069078598,0
1.41328,0.068610782,0
1.413885,0.068612886,0
1.41449,0.068769553,0
1.415095,0.06887001,0
1.4157,0.068911474,0
1.416305,0.06886943,0
1.41691,0.068590208,0
1.417515,0.068004405,0
1.41812,0.067303551,0
1.418725,0.06671182,0
1.41933,0.066106164,0
1.419935,0.065068778,0
1.42054,0.063407854,0
1.421145,0.061504603,0
1.42175,0.060040059,0
1.422355,0.059424355,0
1.42296,0.059516814,0
1.423565,0.059814084,0
1.42417,0.059859633,0
1.424775,0.059528421,0
1.42538,0.059002166,0
1.425985,0.058525626,0
1.42659,0.058182564,0
1.427195,0.057846278,0
1.4278,0.057291625,0
1.428405,0.056371245,0
1.42901,0.055149025,0
1.429615,0.053873746,0
1.43022,0.052782229,0
1.430825,0.05194314,0
1.43143,0.051313861,0
1.432035,0.050864318,0
1.43264,0.050551675,0
1.433245,0.050216845,0
1.43385,0.049630873,0
1.434455,0.048706806,0
1.43506,0.047618157,0
1.435665,0.046606236,0
1.43627,0.045626575,0
1.436875,0.044288324,0
1.43748,0.042303528,0
1.438085,0.039979347,0
1.43869,0.038063818,0
1.439295,0.037025227,0
1.4399,0.036629542,0
1.440505,0.036298635,0
1.44111,0.035723325,0
1.441715,0.034998329,0
1.44232,0.034285668,0
1.442925,0.033564808,0
1.44353,0.032741958,0
1.444135,0.031832035,0
1.44474,0.030891648,0
1.445345,0.029825165,0
1.44595,0.028418789,0
1.446555,0.026631849,0
1.44716,0.02475628,0
1.447765,0.023197939,0
1.44837,0.022145146,0
1.448975,0.021473773,0
1.44958,0.020871435,0
1.450185,0.020015105,0
1.45079,0.01874894,0
1.451395,0.017194292,0
1.452,0.015664624,0
1.452605,0.01438522,0
1.45321,0.013237925,0
1.453815,0.01181446,0
1.45442,0.009816893,0
1.455025,0.007438468,0
1.45563,0.005250518,0
1.456235,0.003635141,0
1.45684,0.002433507,0
1.457445,0.001253191,0
1.45805,-2.13E-05,0
1.458655,-0.001210306,0
1.45926,-0.00225331,0
1.459865,-0.003397341,0
1.46047,-0.004872047,0
1.461075,-0.006513546,0
1.46168,-0.007900668,0
1.462285,-0.008908165,0
1.46289,-0.009990969,0
1.463495,-0.011740097,0
1.4641,-0.014163565,0
1.464705,-0.016602867,0
1.46531,-0.018407115,0
1.465915,-0.01952876,0
1.46652,-0.020440439,0
1.467125,-0.021642303,0
1.46773,-0.023317024,0
1.468335,-0.025337705,0
1.46894,-0.027444779,0
1.469545,-0.02937737,0
1.47015,-3.10E-02,0.00E+00
1.470755,-0.032314452,0
1.47136,-0.033771486,0
1.471965,-0.035729312,0
1.47257,-0.038151466,0
1.473175,-0.040544901,0
1.47378,-0.042447181,0
1.474385,-0.043817172,0
1.47499,-0.044902028,0
1.475595,-0.045920837,0
1.4762,-0.047013049,0
1.476805,-0.048367299,0
1.47741,-0.050140518,0
1.478015,-0.052124688,0
1.47862,-0.053679205,0
1.479225,-0.054322875,0
1.47983,-0.054469365,0
1.480435,-0.055263434,0
1.48104,-0.057409687,0
1.481645,-0.060361822,0
1.48225,-0.062949824,0
1.482855,-0.064591976,0
1.48346,-0.065613019,0
1.484065,-0.066608066,0
1.48467,-0.067867288,0
1.485275,-0.069402637,0
1.48588,-0.071175772,0
1.486485,-0.073019788,0
1.48709,-0.074494476,0
1.487695,-0.075220715,0
1.4883,-0.075492391,0
1.488905,-0.076281494,0
1.48951,-0.078316462,0
1.490115,-0.081237392,0
1.49072,-0.083947675,0
1.491325,-0.085701324,0
1.49193,-0.086581213,0
1.492535,-0.087078151,0
1.49314,-0.08759785,0
1.493745,-0.088448077,0
1.49435,-0.089900319,0
1.494955,-0.091764252,0
1.49556,-0.09298515,0
1.496165,-0.092379074,0
1.49677,-0.090234741,0
1.497375,-0.088733286,0
1.49798,-0.090012427,0
1.498585,-0.093884366,0
1.49919,-0.098087774,0
1.499795,-0.100656565,0
1.5004,-0.101436203,0
1.501005,-0.101482271,0
1.50161,-0.101743062,0
1.502215,-0.102552724,0
1.50282,-0.103879259,0
1.503425,-0.105411504,0
1.50403,-0.106368607,0
1.504635,-0.105868806,0
1.50524,-0.104022226,0
1.505845,-0.102429303,0
1.50645,-0.102925093,0
1.507055,-0.10568382,0
1.50766,-0.109033514,0
1.508265,-0.111177904,0
1.50887,-0.111618504,0
1.509475,-0.110981143,0
1.51008,-0.110156601,0
1.510685,-0.109877904,0
1.51129,-0.110598747,0
1.511895,-0.112063028,0
1.5125,-0.112893923,0
1.513105,-0.111326783,0
1.51371,-0.107154739,0
1.514315,-0.10284421,0
1.51492,-0.101764944,0
1.515525,-0.104861152,0
1.51613,-0.109666582,0
1.516735,-0.112882655,0
1.51734,-0.113294444,0
1.517945,-0.112001428,0
1.51855,-0.110650322,0
1.519155,-0.110060497,0
1.51976,-0.110171149,0
1.520365,-0.110483784,0
1.52097,-0.11021569,0
1.521575,-0.108508436,0
1.52218,-0.105208427,0
1.522785,-0.101559847,0
1.52339,-0.099541176,0
1.523995,-0.100063696,0
1.5246,-0.102070396,0
1.525205,-0.103646094,0
1.52581,-0.103666019,0
1.526415,-0.102214366,0
1.52702,-0.099981993,0
1.527625,-0.097788854,0
1.52823,-0.096437532,0
1.528835,-0.09626357,0
1.52944,-0.096376128,0
1.530045,-0.094761526,0
1.53065,-0.090065459,0
1.531255,-0.083633933,0
1.53186,-0.079069537,0
1.532465,-0.078956099,0
1.53307,-0.082255806,0
1.533675,-0.085494817,0
1.53428,-0.086162119,0
1.534885,-0.084400083,0
1.53549,-0.081852496,0
1.536095,-0.079810304,0
1.5367,-0.078622921,0
1.537305,-0.078113301,0
1.53791,-0.077752352,0
1.538515,-0.076526261,0
1.53912,-0.073509847,0
1.539725,-0.069122463,0
1.54033,-0.065378989,0
1.540935,-0.064162784,0
1.54154,-0.06527768,0
1.542145,-0.066704274,0
1.54275,-0.06664805,0
1.543355,-0.064848698,0
1.54396,-0.06213849,0
1.544565,-0.059444803,0
1.54517,-0.057342783,0
1.545775,-0.056015491,0
1.54638,-0.055090477,0
1.546985,-0.053484268,0
1.54759,-0.049976775,0
1.548195,-0.044599352,0
1.5488,-0.039383778,0
1.549405,-0.036915976,0
1.55001,-0.03775908,0
1.550615,-0.039831813,0
1.55122,-0.040552096,0
1.551825,-0.039047008,0
1.55243,-0.036195902,0
1.553035,-0.033281624,0
1.55364,-0.031047105,0
1.554245,-0.029622948,0
1.55485,-0.028654702,0
1.555455,-0.027322148,0
1.55606,-0.024733305,0
1.556665,-0.020823343,0
1.55727,-0.016822628,0
1.557875,-0.014362889,0
1.55848,-0.013866705,0
1.559085,-0.014095446,0
1.55969,-0.013471746,0
1.560295,-0.011518616,0
1.5609,-0.008850895,0
1.561505,-0.006203346,0
1.56211,-0.003852405,0
1.562715,-0.001805093,0
1.56332,-6.98E-05,0
1.563925,0.001526053,0
1.56453,0.003589592,0
1.565135,0.006771278,0
1.56574,0.010840634,0
1.566345,0.014424323,0
1.56695,0.016180422,0
1.567555,0.016226946,0
1.56816,0.016026857,0
1.568765,0.016928609,0
1.56937,0.019132386,0
1.569975,0.021914395,0
1.57058,0.024414554,0
1.571185,0.026149781,0
1.57179,0.027163076,0
1.572395,0.028006557,0
1.573,0.029430073,0
1.573605,0.031723831,0
1.57421,0.034292706,0
1.574815,0.0361017,0
1.57542,0.036704566,0
1.576025,0.036720084,0
1.57663,0.037145528,0
1.577235,0.038355752,0
1.57784,0.039980443,0
1.578445,0.041581335,0
1.57905,0.043104256,0
1.579655,0.044646352,0
1.58026,0.046085954,0
1.580865,0.047188735,0
1.58147,0.048024453,0
1.582075,0.049050757,0
1.58268,0.050622298,0
1.583285,0.052449758,0
1.58389,0.053760088,0
1.584495,0.054130471,0
1.5851,0.054020424,0
1.585705,0.054324164,0
1.58631,0.05549409,0
1.586915,0.057214515,0
1.58752,0.058824446,0
1.588125,0.059901198,0
1.58873,0.060462033,0
1.589335,0.060793314,0
1.58994,0.061210128,0
1.590545,0.061879797,0
1.59115,0.062694954,0
1.591755,0.063304851,0
1.59236,0.063424978,0
1.592965,0.063196006,0
1.59357,0.063137211,0
1.594175,0.063672857,0
1.59478,0.064779391,0
1.595385,0.066105129,0
1.59599,0.067298425,0
1.596595,0.068179087,0
1.5972,0.068726265,0
1.597805,0.069034004,0
1.59841,0.069288651,0
1.599015,0.069686475,0
1.59962,0.070254153,0
1.600225,0.07073904,0
1.60083,0.070795283,0
1.601435,0.07037893,0
1.60204,0.069895319,0
1.602645,0.069848727,0
1.60325,0.070384219,0
1.603855,0.071229177,0
1.60446,0.071990172,0
1.605065,0.072418179,0
1.60567,0.0724713,0
1.606275,0.072285461,0
1.60688,0.072122898,0
1.607485,0.072201532,0
1.60809,0.072423709,0
1.608695,0.072317621,0
1.6093,0.071435021,0
1.609905,0.069896042,0
1.61051,0.068413008,0
1.611115,0.067657687,0
1.61172,0.067695623,0
1.612325,0.068103417,0
1.61293,0.068476442,0
1.613535,0.068685579,0
1.61414,0.068742099,0
1.614745,0.06862082,0
1.61535,0.068306263,0
1.615955,0.067912691,0
1.61656,0.06760056,0
1.617165,0.067329574,0
1.61777,0.066794774,0
1.618375,0.065734609,0
1.61898,0.064290886,0
1.619585,0.062953442,0
1.62019,0.062144928,0
1.620795,0.061916742,0
1.6214,0.061980509,0
1.622005,0.061926928,0
1.62261,0.061459913,0
1.623215,0.060566979,0
1.62382,0.059532339,0
1.624425,0.058718962,0
1.62503,0.058224305,0
1.625635,0.057702591,0
1.62624,0.056603352,0
1.626845,0.054712519,0
1.62745,0.05247548,0
1.628055,0.050700539,0
1.62866,0.049912645,0
1.629265,0.050004934,0
1.62987,0.050437238,0
1.630475,0.050671365,0
1.63108,0.050459223,0
1.631685,0.049873022,0
1.63229,0.049174973,0
1.632895,0.048637042,0
1.6335,0.048356874,0
1.634105,0.048131023,0
1.63471,0.047532936,0
1.635315,0.046269911,0
1.63592,0.044553032,0
1.636525,0.043019965,0
1.63713,0.042173842,0
1.637735,0.041926085,0
1.63834,0.041750146,0
1.638945,0.04122074,0
1.63955,0.040317648,0
1.640155,0.039265592,0
1.64076,0.038249868,0
1.641365,0.037343947,0
1.64197,0.036540329,0
1.642575,0.035665924,0
1.64318,0.034341253,0
1.643785,0.0322777,0
1.64439,0.029718694,0
1.644995,0.02741352,0
1.6456,0.025985003,0
1.646205,0.025393089,0
1.64681,0.025092637,0
1.647415,0.024573283,0
1.64802,0.023653889,0
1.648625,0.02242684,0
1.64923,0.021117079,0
1.649835,0.019966252,0
1.65044,0.019087253,0
1.651045,0.018344232,0
1.65165,0.017397334,0
1.652255,0.015927034,0
1.65286,0.013901192,0
1.653465,0.011660848,0
1.65407,0.009682956,0
1.654675,0.008215168,0
1.65528,0.007143806,0
1.655885,0.006155903,0
1.65649,0.004963718,0
1.657095,0.003426552,0
1.6577,0.001578703,0
1.658305,-0.000388673,0
1.65891,-0.002218253,0
1.659515,-0.003787108,0
1.66012,-0.005288845,0
1.660725,-0.007137469,0
1.66133,-0.00954527,0
1.661935,-0.012187916,0
1.66254,-0.014445338,0
1.663145,-0.016026782,0
1.66375,-0.017210251,0
1.664355,-0.018425977,0
1.66496,-0.019793031,0
1.665565,-0.021181491,0
1.66617,-0.02258032,0
1.666775,-0.024166739,0
1.66738,-0.025969655,0
1.667985,-0.027669172,0
1.66859,-0.028939011,0
1.669195,-0.029941286,0
1.6698,-0.031238355,0
1.670405,-0.033133306,0
1.67101,-0.035308258,0
1.671615,-0.037216698,0
1.67222,-0.038615932,0
1.672825,-0.039618694,0
1.67343,-0.040468673,0
1.674035,-0.041431731,0
1.67464,-0.042759208,0
1.675245,-0.044545225,0
1.67585,-0.046562689,0
1.676455,-0.048342651,0
1.67706,-0.049576315,0
1.677665,-0.050509916,0
1.67827,-0.051824864,0
1.678875,-0.053947419,0
1.67948,-0.056521082,0
1.680085,-0.058751675,0
1.68069,-0.060222465,0
1.681295,-0.061187352,0
1.6819,-0.062151888,0
1.682505,-0.063405726,0
1.68311,-0.064987031,0
1.683715,-0.066850089,0
1.68432,-0.068787949,0
1.684925,-0.070249922,0
1.68553,-0.0706631,0
1.686135,-0.07024503,0
1.68674,-0.070264001,0
1.687345,-0.071993551,0
1.68795,-0.075360229,0
1.688555,-0.078977673,0
1.68916,-0.081498151,0
1.689765,-0.08264584,0
1.69037,-0.08307521,0
1.690975,-0.083623842,0
1.69158,-0.084789519,0
1.692185,-0.08662252,0
1.69279,-0.088700571,0
1.693395,-0.090175324,0
1.694,-0.090337067,0
1.694605,-0.089522027,0
1.69521,-0.089217365,0
1.695815,-0.090748536,0
1.69642,-0.093848375,0
1.697025,-0.096941756,0
1.69763,-0.098788633,0
1.698235,-0.099401239,0
1.69884,-0.099490944,0
1.699445,-0.099645941,0
1.70005,-0.100215968,0
1.700655,-0.101467452,0
1.70126,-0.103233147,0
1.701865,-0.104428812,0
1.70247,-0.103622509,0
1.703075,-0.100717678,0
1.70368,-0.09786745,0
1.704285,-0.09786797,0
1.70489,-0.101318057,0
1.705495,-0.105933316,0
1.7061,-0.108887186,0
1.706705,-0.109297023,0
1.70731,-0.108341015,0
1.707915,-0.107638525,0
1.70852,-0.107956759,0
1.709125,-0.109136234,0
1.70973,-0.110528473,0
1.710335,-0.111208777,0
1.71094,-0.110316308,0
1.711545,-0.10792822,0
1.71215,-0.105587504,0
1.712755,-0.105255386,0
1.71336,-0.107384639,0
1.713965,-0.110457239,0
1.71457,-0.112603462,0
1.715175,-0.113157972,0
1.71578,-0.112558261,0
1.716385,-0.11148252,0
1.71699,-0.110542869,0
1.717595,-0.110354778,0
1.7182,-0.111109131,0
1.718805,-0.111790326,0
1.71941,-0.110399473,0
1.720015,-0.105904657,0
1.72062,-0.100182058,0
1.721225,-0.097082625,0
1.72183,-0.098752686,0
1.722435,-0.103339584,0
1.72304,-0.106964106,0
1.723645,-0.107451883,0
1.72425,-0.105573691,0
1.724855,-0.103293348,0
1.72546,-0.101795635,0
1.726065,-0.101178211,0
1.72667,-0.101082752,0
1.727275,-0.100880898,0
1.72788,-0.099566335,0
1.728485,-0.09641984,0
1.72909,-0.092195942,0
1.729695,-0.089070953,0
1.7303,-0.088714653,0
1.730905,-0.090549766,0
1.73151,-0.092373401,0
1.732115,-0.092480956,0
1.73272,-0.090780686,0
1.733325,-0.088204171,0
1.73393,-0.085745145,0
1.734535,-0.084104456,0
1.73514,-0.083545164,0
1.735745,-0.083422406,0
1.73635,-0.08201351,0
1.736955,-0.077744268,0
1.73756,-0.071273777,0
1.738165,-0.06587437,0
1.73877,-0.064673845,0
1.739375,-0.067422259,0
1.73998,-0.070756813,0
1.740585,-0.071652568,0
1.74119,-0.069863624,0
1.741795,-0.067101971,0
1.7424,-0.064844255,0
1.743005,-0.063379195,0
1.74361,-0.062355511,0
1.744215,-0.061369311,0
1.74482,-0.059839029,0
1.745425,-0.056990065,0
1.74603,-0.052693148,0
1.746635,-0.048237694,0
1.74724,-0.045559834,0
1.747845,-0.045370841,0
1.74845,-0.046416145,0
1.749055,-0.04674393,0
1.74966,-0.045342882,0
1.750265,-0.04253424,0
1.75087,-0.039313612,0
1.751475,-0.036600872,0
1.75208,-0.034833164,0
1.752685,-0.033775607,0
1.75329,-0.032468484,0
1.753895,-0.029647164,0
1.7545,-0.024859748,0
1.755105,-0.019436256,0
1.75571,-0.015793354,0
1.756315,-0.015168003,0
1.75692,-0.016299969,0
1.757525,-0.016796775,0
1.75813,-0.015450332,0
1.758735,-0.012826024,0
1.75934,-0.010048116,0
1.759945,-0.007672358,0
1.76055,-0.005703766,0
1.761155,-0.004075746,0
1.76176,-0.002635381,0
1.762365,-0.00087814,0
1.76297,0.001720647,0
1.763575,0.004914628,0
1.76418,0.007603736,0
1.764785,0.008919449,0
1.76539,0.009217738,0
1.765995,0.009669376,0
1.7666,0.011066369,0
1.767205,0.013332374,0
1.76781,0.015952892,0
1.768415,0.018478038,0
1.76902,0.020629564,0
1.769625,0.022268611,0
1.77023,0.023541575,0
1.770835,0.025013564,0
1.77144,0.027333819,0
1.772045,0.030493704,0
1.77265,0.033520377,0
1.773255,0.035286134,0
1.77386,0.035701964,0
1.774465,0.035795359,0
1.77507,0.036568784,0
1.775675,0.038115795,0
1.77628,0.039878554,0
1.776885,0.041385199,0
1.77749,0.042548628,0
1.778095,0.043482116,0
1.7787,0.044323712,0
1.779305,0.045253663,0
1.77991,0.046456468,0
1.780515,0.047890382,0
1.78112,0.049155649,0
1.781725,0.049800453,0
1.78233,0.049828679,0
1.782935,0.049765989,0
1.78354,0.050171951,0
1.784145,0.051194209,0
1.78475,0.052582619,0
1.785355,0.053982839,0
1.78596,0.055176464,0
1.786565,0.05613605,0
1.78717,0.056949968,0
1.787775,0.057750496,0
1.78838,0.05868494,0
1.788985,0.059804542,0
1.78959,0.060880214,0
1.790195,0.061493143,0
1.7908,0.061517538,0
1.791405,0.061401385,0
1.79201,0.061757341,0
1.792615,0.062757615,0
1.79322,0.064087093,0
1.793825,0.065372137,0
1.79443,0.066444385,0
1.795035,0.067219251,0
1.79564,0.067577602,0
1.796245,0.067534931,0
1.79685,0.067390111,0
1.797455,0.067466925,0
1.79806,0.067699585,0
1.798665,0.067672218,0
1.79927,0.067151291,0
1.799875,0.066430557,0
1.80048,0.066052046,0
1.801085,0.066311836,0
1.80169,0.067109757,0
1.802295,0.06812481,0
1.8029,0.069015763,0
1.803505,0.069548438,0
1.80411,0.069695747,0
1.804715,0.06967026,0
1.80532,0.069779085,0
1.805925,0.070147475,0
1.80653,0.070572748,0
1.807135,0.070703514,0
1.80774,0.070396376,0
1.808345,0.069870218,0
1.80895,0.069498162,0
1.809555,0.069501956,0
1.81016,0.069851166,0
1.810765,0.070359094,0
1.81137,0.070808988,0
1.811975,0.0710277,0
1.81258,0.070940031,0
1.813185,0.070628561,0
1.81379,0.07029837,0
1.814395,0.070060814,0
1.815,0.069713556,0
1.815605,0.068851635,0
1.81621,0.067328236,0
1.816815,0.065560477,0
1.81742,0.064236447,0
1.818025,0.063722297,0
1.81863,0.063845922,0
1.819235,0.064188955,0
1.81984,0.064423438,0
1.820445,0.064384177,0
1.82105,0.064029648,0
1.821655,0.063471287,0
1.82226,0.062952653,0
1.822865,0.062630051,0
1.82347,0.062330784,0
1.824075,0.061641054,0
1.82468,0.060347074,0
1.825285,0.058750824,0
1.82589,0.05742997,0
1.826495,0.056696166,0
1.8271,0.056395499,0
1.827705,0.056191594,0
1.82831,0.0558657,0
1.828915,0.055321484,0
1.82952,0.054483927,0
1.830125,0.053354344,0
1.83073,0.052130635,0
1.831335,0.051080954,0
1.83194,0.05017397,0
1.832545,0.048967438,0
1.83315,0.047087131,0
1.833755,0.044797876,0
1.83436,0.042878662,0
1.834965,0.041875653,0
1.83557,0.04163769,0
1.836175,0.041606027,0
1.83678,0.041364382,0
1.837385,0.040839559,0
1.83799,0.040145175,0
1.838595,0.039400032,0
1.8392,0.038677841,0
1.839805,0.038003914,0
1.84041,0.037323683,0
1.841015,0.036487536,0
1.84162,0.035326509,0
1.842225,0.033814179,0
1.84283,0.032160326,0
1.843435,0.030686482,0
1.84404,0.029596344,0
1.844645,0.028870841,0
1.84525,0.028318756,0
1.845855,0.027680413,0
1.84646,0.026740315,0
1.847065,0.025438965,0
1.84767,0.023921851,0
1.848275,0.0224363,0
1.84888,0.021097359,0
1.849485,0.019725365,0
1.85009,0.017981917,0
1.850695,0.015765851,0
1.8513,0.013448787,0
1.851905,0.011577743,0
1.85251,0.010338486,0
1.853115,0.009451082,0
1.85372,0.008578828,0
1.854325,0.007649667,0
1.85493,0.006711809,0
1.855535,0.005645923,0
1.85614,0.004220745,0
1.856745,0.002439833,0
1.85735,0.000665543,0
1.857955,-0.000750287,0
1.85856,-0.001940374,0
1.859165,-0.003452482,0
1.85977,-0.00560426,0
1.860375,-0.008050897,0
1.86098,-0.010137085,0
1.861585,-0.011573581,0
1.86219,-0.012648083,0
1.862795,-0.013863763,0
1.8634,-0.015497602,0
1.864005,-0.017469195,0
1.86461,-0.019499852,0
1.865215,-0.021349266,0
1.86582,-0.022975142,0
1.866425,-0.024547476,0
1.86703,-0.026320439,0
1.867635,-0.028428558,0
1.86824,-0.030737289,0
1.868845,-0.032922626,0
1.86945,-0.034748327,0
1.870055,-0.036205629,0
1.87066,-0.037378512,0
1.871265,-0.038343141,0
1.87187,-0.03927558,0
1.872475,-0.040477561,0
1.87308,-0.042102956,0
1.873685,-0.043875356,0
1.87429,-0.045216663,0
1.874895,-0.045773265,0
1.8755,-0.045882757,0
1.876105,-0.046458989,0
1.87671,-0.048210639,0
1.877315,-0.050906247,0
1.87792,-0.053561412,0
1.878525,-0.055369846,0
1.87913,-0.056320778,0
1.879735,-0.056975295,0
1.88034,-0.057877347,0
1.880945,-0.059262571,0
1.88155,-0.061125283,0
1.882155,-0.06323481,0
1.88276,-0.065055735,0
1.883365,-0.066045878,0
1.88397,-0.066336795,0
1.884575,-0.066902556,0
1.88518,-0.068655402,0
1.885785,-0.071417313,0
1.88639,-0.074123427,0
1.886995,-0.075976231,0
1.8876,-0.077058496,0
1.888205,-0.077902727,0
1.88881,-0.078880585,0
1.889415,-0.080135046,0
1.89002,-0.081770931,0
1.890625,-0.08367381,0
1.89123,-0.08513777,0
1.891835,-0.085217473,0
1.89244,-0.083928216,0
1.893045,-0.082858831,0
1.89365,-0.08390225,0
1.894255,-0.087247323,0
1.89486,-0.091173458,0
1.895465,-0.09389554,0
1.89607,-0.095055929,0
1.896675,-0.095433926,0
1.89728,-0.095884472,0
1.897885,-0.096837696,0
1.89849,-0.098387698,0
1.899095,-0.100277449,0
1.8997,-0.101711597,0
1.900305,-0.101720383,0
1.90091,-0.100233888,0
1.901515,-0.09868397,0
1.90212,-0.098961917,0
1.902725,-0.101543338,0
1.90333,-0.105022738,0
1.903935,-0.107630131,0
1.90454,-0.108743195,0
1.905145,-0.108842669,0
1.90575,-0.108645462,0
1.906355,-0.108692489,0
1.90696,-0.109389252,0
1.907565,-0.110741004,0
1.90817,-0.11180793,0
1.908775,-0.110978431,0
1.90938,-0.107617996,0
1.909985,-0.103558843,0
1.91059,-0.102071222,0
1.911195,-0.104695008,0
1.9118,-0.109596431,0
1.912405,-0.113549377,0
1.91301,-0.114942771,0
1.913615,-0.114416644,0
1.91422,-0.113343051,0
1.914825,-0.112572879,0
1.91543,-0.112427705,0
1.916035,-0.112913365,0
1.91664,-0.113404806,0
1.917245,-0.112631948,0
1.91785,-0.109814732,0
1.918455,-0.105976934,0
1.91906,-0.103540035,0
1.919665,-0.10409071,0
1.92027,-0.106756548,0
1.920875,-0.109138751,0
1.92148,-0.109574438,0
1.922085,-0.108190276,0
1.92269,-0.106152749,0
1.923295,-0.104480601,0
1.9239,-0.10360172,0
1.924505,-0.103456793,0
1.92511,-0.103368876,0
1.925715,-0.101897908,0
1.92632,-0.097789639,0
1.926925,-0.091814352,0
1.92753,-0.087103013,0
1.928135,-0.086526116,0
1.92874,-0.089720451,0
1.929345,-0.093492327,0
1.92995,-0.095019501,0
1.930555,-0.09392922,0
1.93116,-0.091573867,0
1.931765,-0.089359847,0
1.93237,-0.088005857,0
1.932975,-0.087568287,0
1.93358,-0.087408632,0
1.934185,-0.086278504,0
1.93479,-0.083185946,0
1.935395,-0.078633653,0
1.936,-0.074708633,0
1.936605,-0.073349836,0
1.93721,-0.074438105,0
1.937815,-0.075966677,0
1.93842,-0.076056708,0
1.939025,-0.074395989,0
1.93963,-0.071845308,0
1.940235,-0.069302477,0
1.94084,-0.067218518,0
1.941445,-0.06576945,0
1.94205,-0.064815829,0
1.942655,-0.063478924,0
1.94326,-0.060343743,0
1.943865,-0.054933357,0
1.94447,-0.049045879,0
1.945075,-0.045724291,0
1.94568,-0.046292196,0
1.946285,-0.048894067,0
1.94689,-0.050412981,0
1.947495,-0.049363909,0
1.9481,-0.046577615,0
1.948705,-0.04366116,0
1.94931,-0.041479269,0
1.949915,-0.039991234,0
1.95052,-0.038793915,0
1.951125,-0.037329238,0
1.95173,-0.034922684,0
1.952335,-0.031335165,0
1.95294,-0.027411594,0
1.953545,-0.024639296,0
1.95415,-0.023689458,0
1.954755,-0.023699192,0
1.95536,-0.023262794,0
1.955965,-0.021759668,0
1.95657,-0.019462488,0
1.957175,-0.016825084,0
1.95778,-0.014142385,0
1.958385,-0.0117261,0
1.95899,-0.009884432,0
1.959595,-0.008440196,0
1.9602,-0.006487415,0
1.960805,-0.003124076,0
1.96141,0.00132802,0
1.962015,0.005155778,0
1.96262,0.006801361,0
1.963225,0.006515996,0
1.96383,0.006063917,0
1.964435,0.006903196,0
1.96504,0.009064106,0
1.965645,0.011637407,0
1.96625,0.013838166,0
1.966855,0.01547439,0
1.96746,0.016728133,0
1.968065,0.017877794,0
1.96867,0.019270018,0
1.969275,0.021224711,0
1.96988,0.023676003,0
1.970485,0.025996394,0
1.97109,0.027500163,0
1.971695,0.028192154,0
1.9723,0.028771273,0
1.972905,0.029873102,0
1.97351,0.031558118,0
1.974115,0.033510641,0
1.97472,0.035433658,0
1.975325,0.037139017,0
1.97593,0.03844892,0
1.976535,0.039281322,0
1.97714,0.039907504,0
1.977745,0.040929672,0
1.97835,0.042737356,0
1.978955,0.044946935,0
1.97956,0.046645824,0
1.980165,0.047364185,0
1.98077,0.047584951,0
1.981375,0.048135364,0
1.98198,0.049318302,0
1.982585,0.050805144,0
1.98319,0.05215074,0
1.983795,0.053183411,0
1.9844,0.053976743,0
1.985005,0.054667465,0
1.98561,0.055382661,0
1.986215,0.056223529,0
1.98682,0.057162507,0
1.987425,0.057951629,0
1.98803,0.058292807,0
1.988635,0.058200532,0
1.98924,0.058086287,0
1.989845,0.058381654,0
1.99045,0.059168841,0
1.991055,0.060243233,0
1.99166,0.061403418,0
1.992265,0.06255794,0
1.99287,0.063626039,0
1.993475,0.06450605,0
1.99408,0.065197873,0
1.994685,0.065851568,0
1.99529,0.066586797,0
1.995895,0.067287535,0
1.9965,0.067685969,0
1.997105,0.06769851,0
1.99771,0.067593237,0
1.998315,0.067744679,0
1.99892,0.068287201,0
1.999525,0.069075952,0
2.00013,0.069902567,0
2.000735,0.070643355,0
2.00134,0.071235014,0
2.001945,0.071642228,0
2.00255,0.071914898,0
2.003155,0.072176485,0
2.00376,0.072424793,0
2.004365,0.072388386,0
2.00497,0.071753955,0
2.005575,0.070602646,0
2.00618,0.069493249,0
2.006785,0.068994975,0
2.00739,0.06920541,0
2.007995,0.069794727,0
2.0086,0.070395437,0
2.009205,0.070829755,0
2.00981,0.071055812,0
2.010415,0.071080093,0
2.01102,0.070987261,0
2.011625,0.070959044,0
2.01223,0.071120243,0
2.012835,0.071309994,0
2.01344,0.071094239,0
2.014045,0.070165456,0
2.01465,0.068759093,0
2.015255,0.067527357,0
2.01586,0.066941542,0
2.016465,0.066925952,0
2.01707,0.067073212,0
2.017675,0.067047295,0
2.01828,0.066734451,0
2.018885,0.066174242,0
2.01949,0.065496575,0
2.020095,0.064877486,0
2.0207,0.064377977,0
2.021305,0.063750036,0
2.02191,0.062543476,0
2.022515,0.060580724,0
2.02312,0.058299146,0
2.023725,0.056471266,0
2.02433,0.05555846,0
2.024935,0.055403101,0
2.02554,0.055486891,0
2.026145,0.055359931,0
2.02675,0.054863841,0
2.027355,0.054113016,0
2.02796,0.053348042,0
2.028565,0.052759084,0
2.02917,0.052350056,0
2.029775,0.051897814,0
2.03038,0.051060546,0
2.030985,0.04965512,0
2.03159,0.047919479,0
2.032195,0.046405857,0
2.0328,0.045496164,0
2.033405,0.045077895,0
2.03401,0.044749812,0
2.034615,0.04423535,0
2.03522,0.043524008,0
2.035825,0.04272251,0
2.03643,0.041906955,0
2.037035,0.041120069,0
2.03764,0.040390202,0
2.038245,0.039642694,0
2.03885,0.03861807,0
2.039455,0.037024501,0
2.04006,0.03488357,0
2.040665,0.032675547,0
2.04127,0.031017806,0
2.041875,0.030168444,0
2.04248,0.029869876,0
2.043085,0.029639362,0
2.04369,0.0291572,0
2.044295,0.028393049,0
2.0449,0.027462039,0
2.045505,0.026478413,0
2.04611,0.025539262,0
2.046715,0.024695466,0
2.04732,0.023835278,0
2.047925,0.022686031,0
2.04853,0.021089318,0
2.049135,0.019264939,0
2.04974,0.017646625,0
2.050345,0.016439806,0
2.05095,0.015474274,0
2.051555,0.014476239,0
2.05216,0.013324706,0
2.052765,0.012020339,0
2.05337,0.010552905,0
2.053975,0.008912746,0
2.05458,0.007190574,0
2.055185,0.005534824,0
2.05579,0.003948111,0
2.056395,0.002198962,0
2.057,4.78E-05,0
2.057605,-0.002422812,0
2.05821,-0.004789449,0
2.058815,-0.006642428,0
2.05942,-0.007910171,0
2.060025,-0.00884401,0
2.06063,-0.009793247,0
2.061235,-0.011021029,0
2.06184,-0.012612782,0
2.062445,-0.014429535,0
2.06305,-0.016150177,0
2.063655,-0.017484499,0
2.06426,-0.018464288,0
2.064865,-0.01952564,0
2.06547,-0.02118648,0
2.066075,-0.023532146,0
2.06668,-0.026061194,4.940656E-324
2.067285,-0.028141756,4.940656E-324
2.06789,-0.029580596,9.881313E-324
2.068495,-0.030677611,1.482197E-323
2.0691,-0.031831234,2.470328E-323
2.069705,-0.033225337,3.952525E-323
2.07031,-0.034852751,5.928788E-323
2.070915,-0.036659178,9.387247E-323
2.07152,-0.038535246,1.531604E-322
2.072125,-0.04025178,2.420922E-322
2.07273,-0.041615975,3.903119E-322
2.073335,-0.042774638,6.175821E-322
2.07394,-0.044218594,9.881313E-322
2.074545,-0.046294258,1.571129E-321
2.07515,-0.048739239,2.504913E-321
2.075755,-0.050889868,3.992050E-321
2.07636,-0.052337361,6.358625E-321
2.076965,-0.053224277,1.012835E-320
2.07757,-0.053965409,1.612630E-320
2.078175,-0.054888376,2.567659E-320
2.07878,-0.056162249,4.087405E-320
2.079385,-0.057849674,6.505856E-320
2.07999,-0.0597766,1.035315E-319
2.080595,-0.061380417,1.647462E-319
2.0812,-0.06204058,2.621068E-319
2.081805,-0.061842166,4.169469E-319
2.08241,-0.061855052,6.631596E-319
2.083015,-0.063252717,1.054608E-318
2.08362,-0.066087317,1.676884E-318
2.084225,-0.06922474,2.665934E-318
2.08483,-0.071489544,4.237715E-318
2.085435,-0.07261255,6.735207E-318
2.08604,-0.073169977,1.070302E-317
2.086645,-0.073946032,1.700583E-317
2.08725,-0.075393633,2.701628E-317
2.087855,-0.077465677,4.291306E-317
2.08846,-0.079697149,6.815372E-317
2.089065,-0.081388245,1.082246E-316
2.08967,-0.081996021,1.718297E-316
2.090275,-0.081714176,2.727765E-316
2.09088,-0.081642088,4.329640E-316
2.091485,-0.082954009,6.871204E-316
2.09209,-0.085693729,1.090310E-315
2.092695,-0.088696069,1.729830E-315
2.0933,-0.090827817,2.744057E-315
2.093905,-0.091955013,4.352301E-315
2.09451,-0.09263335,6.902095E-315
2.095115,-0.093326164,1.094408E-314
2.09572,-0.094210164,1.735056E-314
2.096325,-0.095449371,2.750325E-314
2.09693,-0.097105121,4.359040E-314
2.097535,-0.09857724,6.907705E-314
2.09814,-0.098632566,1.094493E-313
2.098745,-0.096715445,1.733917E-313
2.09935,-0.094264052,2.746501E-313
2.099955,-0.093913311,4.349782E-313
2.10056,-0.096866824,6.887973E-313
2.101165,-0.101550044,1.090565E-312
2.10177,-0.105263323,1.726426E-312
2.102375,-0.106671456,2.732627E-312
2.10298,-0.106409834,4.324631E-312
2.103585,-0.105892499,6.843116E-312
2.10419,-0.106080524,1.082667E-311
2.104795,-0.107161401,1.712664E-311
2.1054,-0.108739776,2.708855E-311
2.106005,-0.109954378,4.283861E-311
2.10661,-0.109768392,6.773625E-311
2.107215,-0.107868694,1.070886E-310
2.10782,-0.105490621,1.692784E-310
2.108425,-0.104771476,2.675444E-310
2.10903,-0.106723116,4.227917E-310
2.109635,-0.1100999,6.680258E-310
2.11024,-0.112699364,0
2.110845,-0.113465725,0
2.11145,-0.112936689,0
2.112055,-0.112100325,0
2.11266,-0.111536958,0
2.113265,-0.111584416,0
2.11387,-0.112434712,0
2.114475,-0.113430223,2.58E-308
2.11508,-0.112776884,4.07E-308
2.115685,-0.109079882,6.43E-308
2.11629,-0.103540228,1.01E-307
2.116895,-0.099785905,1.60E-307
2.1175,-0.100605226,2.52E-307
2.118105,-0.105066991,3.98E-307
2.11871,-0.109502528,6.27E-307
2.119315,-0.111053606,9.88E-307
2.11992,-0.109744542,1.56E-306
2.120525,-0.107533316,2.45E-306
2.12113,-0.106167997,3.87E-306
2.121735,-0.106059754,6.09E-306
2.12234,-0.106577123,9.60E-306
2.122945,-0.106723746,1.51E-305
2.12355,-0.105508116,2.38E-305
2.124155,-0.102412072,3.75E-305
2.12476,-0.098164425,5.90E-305
2.125365,-0.094772081,9.28E-305
2.12597,-0.093994982,1.46E-304
2.126575,-0.095655825,2.30E-304
2.12718,-0.097886798,3.62E-304
2.127785,-0.098923149,5.69E-304
2.12839,-0.098206776,8.95E-304
2.128995,-0.096098309,1.41E-303
2.1296,-0.09337369,2.21E-303
2.130205,-0.091112611,3.48E-303
2.13081,-0.090282769,5.47E-303
2.131415,-0.090680652,8.60E-303
2.13202,-0.09037921,1.35E-302
2.132625,-0.08707738,2.12E-302
2.13323,-0.080721364,3.33E-302
2.133835,-0.074514132,5.24E-302
2.13444,-0.072342637,8.23E-302
2.135045,-0.074889652,1.29E-301
2.13565,-0.078948681,2.03E-301
2.136255,-0.080768444,3.18E-301
2.13686,-0.079381285,5.00E-301
2.137465,-0.07651136,7.84E-301
2.13807,-0.074124516,1.23E-300
2.138675,-0.07276957,1.93E-300
2.13928,-0.071936448,3.03E-300
2.139885,-0.071054318,4.75E-300
2.14049,-0.069658502,7.45E-300
2.141095,-0.067130014,1.17E-299
2.1417,-0.063177058,1.83E-299
2.142305,-0.058734105,2.87E-299
2.14291,-0.05567042,4.50E-299
2.143515,-0.05506944,7.05E-299
2.14412,-0.056083745,1.10E-298
2.144725,-0.05679276,1.73E-298
2.14533,-0.055874126,2.71E-298
2.145935,-0.053291274,4.25E-298
2.14654,-0.049889382,6.65E-298
2.147145,-0.046773878,1.04E-297
2.14775,-0.044801433,1.63E-297
2.148355,-0.04400755,2.55E-297
2.14896,-0.043220304,3.99E-297
2.149565,-0.040640983,6.25E-297
2.15017,-0.035511519,9.77E-297
2.150775,-0.02940116,1.53E-296
2.15138,-0.025258798,2.39E-296
2.151985,-0.024641094,3.74E-296
2.15259,-0.026161579,5.85E-296
2.153195,-0.027088558,9.14E-296
2.1538,-0.026044453,1.43E-295
2.154405,-0.023669059,2.23E-295
2.15501,-0.021170223,3.49E-295
2.155615,-0.019042379,5.45E-295
2.15622,-0.017197033,8.52E-295
2.156825,-0.015618745,1.33E-294
2.15743,-0.014312712,2.08E-294
2.158035,-0.0127974,3.25E-294
2.15864,-0.010312383,5.07E-294
2.159245,-0.006832835,7.91E-294
2.15985,-0.003528887,1.24E-293
2.160455,-0.00174261,1.93E-293
2.16106,-0.00154086,3.01E-293
2.161665,-0.001629485,4.69E-293
2.16227,-0.000655031,7.32E-293
2.162875,0.001705509,1.14E-292
2.16348,0.004802677,1.78E-292
2.164085,0.007734073,2.78E-292
2.16469,0.009930169,4.33E-292
2.165295,0.011339325,6.75E-292
2.1659,0.012365542,1.05E-291
2.166505,0.013687942,1.64E-291
2.16711,0.015908703,2.55E-291
2.167715,0.019046362,3.98E-291
2.16832,0.022278028,6.20E-291
2.168925,0.024481693,9.65E-291
2.16953,0.02529968,1.50E-290
2.170135,0.025498851,2.34E-290
2.17074,0.02613532,3.64E-290
2.171345,0.027593854,5.67E-290
2.17195,0.029537382,8.83E-290
2.172555,0.031479588,1.37E-289
2.17316,0.033152065,2.14E-289
2.173765,0.034444036,3.32E-289
2.17437,0.035317885,5.17E-289
2.174975,0.035951942,8.04E-289
2.17558,0.036789156,1.25E-288
2.176185,0.038156835,1.94E-288
2.17679,0.039808406,3.02E-288
2.177395,0.041085298,4.70E-288
2.178,0.041667678,7.30E-288
2.178605,0.041982695,1.13E-287
2.17921,0.042733859,1.76E-287
2.179815,0.044199337,2.74E-287
2.18042,0.046102871,4.25E-287
2.181025,0.047984533,6.60E-287
2.18163,0.049546382,1.02E-286
2.182235,0.050741786,1.59E-286
2.18284,0.051708824,2.47E-286
2.183445,0.052682841,3.83E-286
2.18405,0.053898668,5.95E-286
2.184655,0.055431142,9.22E-286
2.18526,0.057049285,1.43E-285
2.185865,0.058319524,2.22E-285
2.18647,0.059000135,3.44E-285
2.187075,0.059308498,5.34E-285
2.18768,0.05969522,8.28E-285
2.188285,0.060412662,1.28E-284
2.18889,0.06138454,1.99E-284
2.189495,0.062399793,3.08E-284
2.1901,0.063325352,4.77E-284
2.190705,0.064145946,7.40E-284
2.19131,0.064861751,1.15E-283
2.191915,0.065435791,1.77E-283
2.19252,0.06588224,2.75E-283
2.193125,0.066296892,4.25E-283
2.19373,0.066683167,6.59E-283
2.194335,0.066832545,1.02E-282
2.19494,0.066562226,1.58E-282
2.195545,0.066061928,2.44E-282
2.19615,0.065814312,3.78E-282
2.196755,0.06613329,5.84E-282
2.19736,0.066917901,9.04E-282
2.197965,0.067856951,1.40E-281
2.19857,0.06872223,2.16E-281
2.199175,0.069432782,3.34E-281
2.19978,0.069974978,5.17E-281
2.200385,0.070380142,7.98E-281
2.20099,0.070747408,1.23E-280
2.201595,0.071171686,1.91E-280
2.2022,0.071588983,2.95E-280
2.202805,0.07174957,4.55E-280
2.20341,0.071468117,7.03E-280
2.204015,0.070916429,1.09E-279
2.20462,0.070529636,1.68E-279
2.205225,0.070583949,2.59E-279
2.20583,0.070988965,3.99E-279
2.206435,0.071497102,6.16E-279
2.20704,0.071960498,9.51E-279
2.207645,0.07232094,1.47E-278
2.20825,0.072475129,2.26E-278
2.208855,0.072312471,3.49E-278
2.20946,0.071881885,5.38E-278
2.210065,0.071370624,8.30E-278
2.21067,0.070848885,1.28E-277
2.211275,0.070135517,1.97E-277
2.21188,0.06903772,3.04E-277
2.212485,0.067691837,4.68E-277
2.21309,0.066529655,7.22E-277
2.213695,0.065907677,1.11E-276
2.2143,0.065878227,1.71E-276
2.214905,0.066261458,2.64E-276
2.21551,0.066773646,4.06E-276
2.216115,0.067104287,6.26E-276
2.21672,0.067044777,9.63E-276
2.217325,0.066642581,1.48E-275
2.21793,0.066177625,2.28E-275
2.218535,0.06589626,3.51E-275
2.21914,0.065743576,5.40E-275
2.219745,0.065384802,8.31E-275
2.22035,0.06453039,1.28E-274
2.220955,0.063247594,1.97E-274
2.22156,0.061907919,3.02E-274
2.222165,0.060843732,4.65E-274
2.22277,0.060145665,7.14E-274
2.223375,0.059753842,1.10E-273
2.22398,0.059554436,1.69E-273
2.224585,0.05932135,2.59E-273
2.22519,0.058740229,3.98E-273
2.225795,0.057678197,6.12E-273
2.2264,0.056403947,9.40E-273
2.227005,0.055367174,1.44E-272
2.22761,0.054661753,2.22E-272
2.228215,0.053797166,3.40E-272
2.22882,0.052171112,5.22E-272
2.229425,0.049798034,8.01E-272
2.23003,0.04743197,1.23E-271
2.230635,0.045895631,1.89E-271
2.23124,0.04536907,2.89E-271
2.231845,0.045366083,4.44E-271
2.23245,0.04528197,6.81E-271
2.233055,0.044866859,1.04E-270
2.23366,0.044239822,1.60E-270
2.234265,0.043607614,2.45E-270
2.23487,0.043066765,3.76E-270
2.235475,0.042620995,5.76E-270
2.23608,0.042223883,8.83E-270
2.236685,0.04170937,1.35E-269
2.23729,0.040793432,2.07E-269
2.237895,0.039328237,3.17E-269
2.2385,0.037558434,4.86E-269
2.239105,0.035988884,7.44E-269
2.23971,0.034967012,1.14E-268
2.240315,0.03445029,1.74E-268
2.24092,0.034123603,2.67E-268
2.241525,0.033636707,4.08E-268
2.24213,0.03277436,6.25E-268
2.242735,0.031547526,9.56E-268
2.24334,0.030186098,1.46E-267
2.243945,0.028961859,2.24E-267
2.24455,0.027901922,3.42E-267
2.245155,0.026680334,5.23E-267
2.24576,0.024908234,7.99E-267
2.246365,0.022596249,1.22E-266
2.24697,0.020259804,1.87E-266
2.247575,0.018468163,2.85E-266
2.24818,0.017322826,4.36E-266
2.248785,0.016482174,6.65E-266
2.24939,0.015638683,1.02E-265
2.249995,0.014791673,1.55E-265
2.2506,0.014030324,2.37E-265
2.251205,0.013231683,3.62E-265
2.25181,0.012140841,5.52E-265
2.252415,0.010734296,8.43E-265
2.25302,0.009343866,1.29E-264
2.253625,0.008289666,1.96E-264
2.25423,0.007420876,2.99E-264
2.254835,0.006184798,4.57E-264
2.25544,0.004244186,6.96E-264
2.256045,0.001905724,1.06E-263
2.25665,-0.000179993,1.62E-263
2.257255,-0.001645648,2.47E-263
2.25786,-0.002651331,3.76E-263
2.258465,-0.003626681,5.73E-263
2.25907,-0.004901335,8.73E-263
2.259675,-0.006556533,1.33E-262
2.26028,-0.008496896,2.03E-262
2.260885,-0.010551172,3.09E-262
2.26149,-0.012533757,4.70E-262
2.262095,-0.014350978,7.16E-262
2.2627,-0.016122139,1.09E-261
2.263305,-0.018106608,1.66E-261
2.26391,-0.020396034,2.52E-261
2.264515,-0.022740346,3.84E-261
2.26512,-0.024800789,5.84E-261
2.265725,-0.026489452,8.89E-261
2.26633,-0.027922279,1.35E-260
2.266935,-0.029160269,2.06E-260
2.26754,-0.030214984,3.13E-260
2.268145,-0.031280971,4.75E-260
2.26875,-0.032710736,7.23E-260
2.269355,-0.034589688,1.10E-259
2.26996,-0.036453549,1.67E-259
2.270565,-0.037686138,2.54E-259
2.27117,-0.038276535,3.85E-259
2.271775,-0.038996517,5.85E-259
2.27238,-0.040631988,8.89E-259
2.272985,-0.043111841,1.35E-258
2.27359,-0.045591644,2.05E-258
2.274195,-0.047334027,3.11E-258
2.2748,-0.048315042,4.72E-258
2.275405,-0.049042147,7.17E-258
2.27601,-0.050005731,1.09E-257
2.276615,-0.051372756,1.65E-257
2.27722,-0.053081359,2.50E-257
2.277825,-0.054988896,3.80E-257
2.27843,-0.056810508,5.76E-257
2.279035,-0.05815252,8.74E-257
2.27964,-0.058932791,1.32E-256
2.280245,-0.059700195,2.01E-256
2.28085,-0.061177337,3.04E-256
2.281455,-0.063433851,4.61E-256
2.28206,-0.065815194,6.99E-256
2.282665,-0.067694278,1.06E-255
2.28327,-0.068967967,1.60E-255
2.283875,-0.069846347,2.43E-255
2.28448,-0.07054829,3.68E-255
2.285085,-0.071342104,5.57E-255
2.28569,-0.072615349,8.43E-255
2.286295,-0.0745375,1.28E-254
2.2869,-0.076549169,1.93E-254
2.287505,-0.077516842,2.92E-254
2.28811,-0.076873042,4.42E-254
2.288715,-0.075644838,6.69E-254
2.28932,-0.075829979,1.01E-253
2.289925,-0.078415889,1.53E-253
2.29053,-0.082354794,2.31E-253
2.291135,-0.085720478,3.50E-253
2.29174,-0.087478967,5.29E-253
2.292345,-0.087981145,7.99E-253
2.29295,-0.088227136,1.21E-252
2.293555,-0.089018093,1.83E-252
2.29416,-0.090625338,2.76E-252
2.294765,-0.092802528,4.17E-252
2.29537,-0.094825417,6.29E-252
2.295975,-0.095769944,9.50E-252
2.29658,-0.095301606,1.43E-251
2.297185,-0.094357514,2.17E-251
2.29779,-0.094614435,3.27E-251
2.298395,-0.096884833,4.93E-251
2.299,-0.100260055,7.45E-251
2.299605,-0.103109391,1.12E-250
2.30021,-0.104605026,1.69E-250
2.300815,-0.10503404,2.56E-250
2.30142,-0.105073467,3.86E-250
2.302025,-0.105247885,5.81E-250
2.30263,-0.105940349,8.76E-250
2.303235,-0.107315092,1.32E-249
2.30384,-0.108812396,1.99E-249
2.304445,-0.109036505,3.00E-249
2.30505,-0.106945929,4.52E-249
2.305655,-0.103516388,6.81E-249
2.30626,-0.101594396,1.03E-248
2.306865,-0.103284983,1.55E-248
2.30747,-0.107683223,2.33E-248
2.308075,-0.111834812,3.50E-248
2.30868,-0.113665897,5.28E-248
2.309285,-0.113390219,7.94E-248
2.30989,-0.112454894,1.20E-247
2.310495,-0.111973531,1.80E-247
2.3111,-0.112267683,2.71E-247
2.311705,-0.113171544,4.07E-247
2.31231,-0.114106811,6.12E-247
2.312915,-0.114045678,9.21E-247
2.31352,-0.112177612,1.39E-246
2.314125,-0.10903764,2.08E-246
2.31473,-0.106600447,3.13E-246
2.315335,-0.106642966,4.70E-246
2.31594,-0.108999924,7.07E-246
2.316545,-0.11178722,1.06E-245
2.31715,-0.113191704,1.60E-245
2.317755,-0.112703976,2.40E-245
2.31836,-0.110944143,3.60E-245
2.318965,-0.108953931,5.41E-245
2.31957,-0.107719276,8.12E-245
2.320175,-0.107728544,1.22E-244
2.32078,-0.108350358,1.83E-244
2.321385,-0.107752662,2.75E-244
2.32199,-0.104258916,4.12E-244
2.322595,-0.098425293,6.18E-244
2.3232,-0.093404043,9.28E-244
2.323805,-0.092310928,1.39E-243
2.32441,-0.095097292,2.09E-243
2.325015,-0.098696937,3.13E-243
2.32562,-0.100231888,4.69E-243
2.326225,-0.099319122,7.03E-243
2.32683,-0.097335621,1.05E-242
2.327435,-0.095484238,1.58E-242
2.32804,-0.094083139,2.37E-242
2.328645,-0.093099129,3.55E-242
2.32925,-0.092441171,5.31E-242
2.329855,-0.091532726,7.96E-242
2.33046,-0.089295955,1.19E-241
2.331065,-0.085342453,1.78E-241
2.33167,-0.081102806,2.67E-241
2.332275,-0.078954958,4.00E-241
2.33288,-0.079833762,5.98E-241
2.333485,-0.082175045,8.95E-241
2.33409,-0.083514763,1.34E-240
2.334695,-0.082691605,2.00E-240
2.3353,-0.080301637,3.00E-240
2.335905,-0.077623497,4.48E-240
2.33651,-0.07561883,6.70E-240
2.337115,-0.074630228,1.00E-239
2.33772,-0.074283874,1.50E-239
2.338325,-0.073399961,2.24E-239
2.33893,-0.070514698,3.35E-239
2.339535,-0.065278012,5.00E-239
2.34014,-0.059498761,7.47E-239
2.340745,-0.056104267,1.12E-238
2.34135,-0.056459647,1.67E-238
2.341955,-0.059009171,2.49E-238
2.34256,-0.060926919,3.72E-238
2.343165,-0.060685886,5.55E-238
2.34377,-0.058702361,8.28E-238
2.344375,-0.056107731,1.24E-237
2.34498,-0.053654217,1.85E-237
2.345585,-0.051716332,2.75E-237
2.34619,-0.050525916,4.11E-237
2.346795,-0.049759268,6.13E-237
2.3474,-0.048220786,9.14E-237
2.348005,-0.044833218,1.36E-236
2.34861,-0.040199256,2.03E-236
2.349215,-0.036513088,3.03E-236
2.34982,-0.035383739,4.51E-236
2.350425,-0.036098982,6.73E-236
2.35103,-0.03649998,1.00E-235
2.351635,-0.035207105,1.49E-235
2.35224,-0.032528393,2.22E-235
2.352845,-0.029565658,3.31E-235
2.35345,-0.027046514,4.93E-235
2.354055,-0.0250343,7.35E-235
2.35466,-0.023313625,1.09E-234
2.355265,-0.021620157,1.63E-234
2.35587,-0.019446303,2.42E-234
2.356475,-0.016098484,3.61E-234
2.35708,-0.011536958,5.36E-234
2.357685,-0.007087041,7.98E-234
2.35829,-0.00456131,1.19E-233
2.358895,-0.004366429,1.77E-233
2.3595,-0.005010091,2.63E-233
2.360105,-0.004686023,3.90E-233
2.36071,-0.002869856,5.80E-233
2.361315,-0.000274165,8.62E-233
2.36192,0.002217164,1.28E-232
2.362525,0.004245417,1.90E-232
2.36313,0.005886582,2.83E-232
2.363735,0.007354647,4.20E-232
2.36434,0.008978672,6.24E-232
2.364945,0.011175271,9.27E-232
2.36555,0.014022062,1.38E-231
2.366155,0.016849468,2.04E-231
2.36676,0.018694136,3.03E-231
2.367365,0.019375748,4.50E-231
2.36797,1.98E-02,6.68E-231
2.368575,0.020842274,9.91E-231
2.36918,0.022700824,1.47E-230
2.369785,0.024872219,2.18E-230
2.37039,0.026990839,3.24E-230
2.370995,0.028989505,4.80E-230
2.3716,0.030810198,7.11E-230
2.372205,0.03230275,1.05E-229
2.37281,0.033514018,1.56E-229
2.373415,0.034885135,2.32E-229
2.37402,0.036858676,3.43E-229
2.374625,0.039176323,5.08E-229
2.37523,0.040865543,7.53E-229
2.375835,0.041259296,1.12E-228
2.37644,0.040845209,1.65E-228
2.377045,0.04077869,2.45E-228
2.37765,0.041724208,3.62E-228
2.378255,0.043436033,5.36E-228
2.37886,0.045273969,7.93E-228
2.379465,0.046809995,1.17E-227
2.38007,0.047962576,1.74E-227
2.380675,0.048827076,2.57E-227
2.38128,0.049574047,3.80E-227
2.381885,0.050427621,5.62E-227
2.38249,0.051514745,8.31E-227
2.383095,0.052658175,1.23E-226
2.3837,0.053469034,1.82E-226
2.384305,0.05379307,2.69E-226
2.38491,0.053973112,3.97E-226
2.385515,0.054509685,5.87E-226
2.38612,0.055550301,8.67E-226
2.386725,0.056858894,1.28E-225
2.38733,0.058171027,1.89E-225
2.387935,0.059396994,2.79E-225
2.38854,0.060515764,4.12E-225
2.389145,0.061449503,6.09E-225
2.38975,0.062160842,8.98E-225
2.390355,0.062831033,1.33E-224
2.39096,0.063772775,1.96E-224
2.391565,0.06504256,2.89E-224
2.39217,0.066224838,4.26E-224
2.392775,0.066806262,6.28E-224
2.39338,0.066782441,9.27E-224
2.393985,0.066710391,1.37E-223
2.39459,0.0671282,2.01E-223
2.395195,0.068067161,2.97E-223
2.3958,0.069137451,4.38E-223
2.396405,0.069954912,6.45E-223
2.39701,0.070425847,9.51E-223
2.397615,0.070683229,1.40E-222
2.39822,0.070883334,2.06E-222
2.398825,0.071124114,3.04E-222
2.39943,0.071421201,4.48E-222
2.400035,0.071615758,6.59E-222
2.40064,0.071407105,9.70E-222
2.401245,0.070686282,1.43E-221
2.40185,0.069819887,2.10E-221
2.402455,0.069401863,3.09E-221
2.40306,0.069688887,4.55E-221
2.403665,0.070414966,6.69E-221
2.40427,0.071151121,9.85E-221
2.404875,0.071689582,1.45E-220
2.40548,0.072044537,2.13E-220
2.406085,0.072239889,3.13E-220
2.40669,0.072259311,4.60E-220
2.407295,0.072173118,6.77E-220
2.4079,0.07213906,9.94E-220
2.408505,0.072191323,1.46E-219
2.40911,0.072113649,2.15E-219
2.409715,0.071640284,3.15E-219
2.41032,0.070793048,4.63E-219
2.410925,0.069939146,6.80E-219
2.41153,0.069480833,9.99E-219
2.412135,0.069515721,1.47E-218
2.41274,0.069783302,2.15E-218
2.413345,0.069897881,3.16E-218
2.41395,0.069653073,4.64E-218
2.414555,0.069156407,6.80E-218
2.41516,0.06869598,9.98E-218
2.415765,0.068461866,1.46E-217
2.41637,0.068344721,2.15E-217
2.416975,0.067949629,3.15E-217
2.41758,0.066834811,4.62E-217
2.418185,0.064888011,6.77E-217
2.41879,0.062576517,9.92E-217
2.419395,0.060714502,1.45E-216
2.42,0.0598181,2.13E-216
2.420605,0.059701149,3.12E-216
2.42121,0.059757135,4.57E-216
2.421815,0.059557281,6.69E-216
2.42242,0.059104983,9.80E-216
2.423025,0.058605523,1.44E-215
2.42363,0.058155526,2.10E-215
2.424235,0.057704984,3.08E-215
2.42484,0.057204417,4.50E-215
2.425445,0.056647896,6.59E-215
2.42605,0.055964303,9.64E-215
2.426655,0.054990917,1.41E-214
2.42726,0.053660392,2.06E-214
2.427865,0.052174728,3.02E-214
2.42847,0.050901334,4.41E-214
2.429075,0.050100115,6.45E-214
2.42968,0.049759468,9.43E-214
2.430285,0.049611693,1.38E-213
2.43089,0.049282542,2.01E-213
2.431495,0.048539042,2.94E-213
2.4321,0.047484173,4.30E-213
2.432705,0.04649026,6.28E-213
2.43331,0.045857644,9.18E-213
2.433915,0.045458231,1.34E-212
2.43452,0.044727714,1.96E-212
2.435125,0.04314043,2.86E-212
2.43573,0.040794067,4.17E-212
2.436335,0.03845063,6.09E-212
2.43694,0.036874466,8.88E-212
2.437545,0.036168748,1.30E-211
2.43815,0.035843517,1.89E-211
2.438755,0.035417691,2.76E-211
2.43936,0.034781309,4.02E-211
2.439965,0.034024121,5.87E-211
2.44057,0.033149956,8.55E-211
2.441175,0.03211075,1.25E-210
2.44178,0.031030384,1.82E-210
2.442385,0.030171602,2.65E-210
2.44299,0.029568201,3.86E-210
2.443595,0.028805898,5.62E-210
2.4442,0.027376689,8.19E-210
2.444805,0.025288342,1.19E-209
2.44541,0.023164541,1.74E-209
2.446015,0.021669247,2.53E-209
2.44662,0.020922859,3.68E-209
2.447225,0.020485613,5.36E-209
2.44783,0.019791953,7.80E-209
2.448435,0.018583828,1.14E-208
2.44904,0.017023312,1.65E-208
2.449645,0.0154674,2.40E-208
2.45025,0.014151613,3.50E-208
2.450855,0.01302826,5.09E-208
2.45146,0.011807743,7.39E-208
2.452065,0.010154888,1.08E-207
2.45267,0.007972833,1.56E-207
2.453275,0.005574945,2.27E-207
2.45388,0.003494539,3.30E-207
2.454485,0.002032076,4.80E-207
2.45509,0.001025041,6.97E-207
2.455695,8.49E-05,1.01E-206
2.4563,-0.001029241,1.47E-206
2.456905,-0.002314829,2.14E-206
2.45751,-0.003701176,3.10E-206
2.458115,-0.005177543,4.50E-206
2.45872,-0.006701394,6.54E-206
2.459325,-0.008093749,9.49E-206
2.45993,-0.009198928,1.38E-205
2.460535,-0.010184229,2.00E-205
2.46114,-0.011512762,2.90E-205
2.461745,-0.013447643,4.20E-205
2.46235,-0.015662151,6.10E-205
2.462955,-0.017531721,8.84E-205
2.46356,-0.018779689,1.28E-204
2.464165,-0.019690557,1.86E-204
2.46477,-0.020736132,2.69E-204
2.465375,-0.022136381,3.90E-204
2.46598,-0.023792644,5.66E-204
2.466585,-0.02552244,8.20E-204
2.46719,-0.027230622,1.19E-203
2.467795,-0.028866382,1.72E-203
2.4684,-0.030375397,2.49E-203
2.469005,-0.031804361,3.61E-203
2.46961,-0.033381096,5.22E-203
2.470215,-0.035341096,7.56E-203
2.47082,-0.037634727,1.09E-202
2.471425,-0.039891678,1.58E-202
2.47203,-0.041704797,2.29E-202
2.472635,-0.042915412,3.31E-202
2.47324,-0.043686796,4.79E-202
2.473845,-0.044398629,6.93E-202
2.47445,-0.045448991,1.00E-201
2.475055,-0.047046907,1.45E-201
2.47566,-0.049055224,2.10E-201
2.476265,-0.050964269,3.03E-201
2.47687,-0.052175294,4.38E-201
2.477475,-0.052597067,6.32E-201
2.47808,-0.052999293,9.14E-201
2.478685,-0.054446026,1.32E-200
2.47929,-0.057185789,1.91E-200
2.479895,-0.06035416,2.75E-200
2.4805,-0.062896964,3.98E-200
2.481105,-0.064493293,5.74E-200
2.48171,-0.065519374,8.29E-200
2.482315,-0.066490416,1.20E-199
2.48292,-0.067740545,1.73E-199
2.483525,-0.069441032,2.49E-199
2.48413,-0.071588718,3.59E-199
2.484735,-0.073815821,5.18E-199
2.48534,-0.075433177,7.47E-199
2.485945,-0.076051263,1.08E-198
2.48655,-0.076243053,1.55E-198
2.487155,-0.077257938,2.24E-198
2.48776,-0.079786066,3.23E-198
2.488365,-0.083163215,4.65E-198
2.48897,-0.086018136,6.71E-198
2.489575,-0.087527228,9.66E-198
2.49018,-0.087892767,1.39E-197
2.490785,-0.087894063,2.00E-197
2.49139,-0.088286806,2.89E-197
2.491995,-0.089504854,4.16E-197
2.4926,-0.091461665,5.98E-197
2.493205,-0.093326314,8.62E-197
2.49381,-0.093791995,1.24E-196
2.494415,-0.0922261,1.78E-196
2.49502,-0.089798424,2.57E-196
2.495625,-0.088944622,3.69E-196
2.49623,-0.091132612,5.31E-196
2.496835,-0.095364745,7.64E-196
2.49744,-0.099277837,1.10E-195
2.498045,-0.101377642,1.58E-195
2.49865,-0.101848473,2.27E-195
2.499255,-0.101704342,3.27E-195
2.49986,-0.101818536,4.69E-195
2.500465,-0.102667114,6.74E-195
2.50107,-0.104306182,9.69E-195
2.501675,-0.106107856,1.39E-194
2.50228,-0.106827967,2.00E-194
2.502885,-0.105668712,2.87E-194
2.50349,-0.103499094,4.12E-194
2.504095,-0.102489575,5.92E-194
2.5047,-0.104039915,8.50E-194
2.505305,-0.107328176,1.22E-193
2.50591,-0.110305915,1.75E-193
2.506515,-0.111749262,2.51E-193
2.50712,-0.111876791,3.60E-193
2.507725,-0.1114366,5.17E-193
2.50833,-0.11096153,7.41E-193
2.508935,-0.110882935,1.06E-192
2.50954,-0.111599576,1.52E-192
2.510145,-0.112814254,2.18E-192
2.51075,-0.113042924,3.13E-192
2.511355,-0.110675013,4.49E-192
2.51196,-0.1060907,6.43E-192
2.512565,-0.10225816,9.21E-192
2.51317,-0.102286933,1.32E-191
2.513775,-0.106276619,1.89E-191
2.51438,-0.111213768,2.71E-191
2.514985,-0.11396185,3.88E-191
2.51559,-0.113778762,5.55E-191
2.516195,-0.112092386,7.94E-191
2.5168,-0.110666914,1.14E-190
2.517405,-0.110320135,1.63E-190
2.51801,-0.110867303,2.33E-190
2.518615,-0.11150293,3.33E-190
2.51922,-0.111078089,4.76E-190
2.519825,-0.108708759,6.81E-190
2.52043,-0.104813193,9.75E-190
2.521035,-0.101357829,1.39E-189
2.52164,-0.10033317,1.99E-189
2.522245,-0.101813861,2.85E-189
2.52285,-0.103977167,4.07E-189
2.523455,-0.104998152,5.81E-189
2.52406,-0.10439496,8.31E-189
2.524665,-0.102679307,1.19E-188
2.52527,-0.100533537,1.70E-188
2.525875,-0.098634758,2.42E-188
2.52648,-0.097656848,3.46E-188
2.527085,-0.097639377,4.94E-188
2.52769,-0.097227457,7.05E-188
2.528295,-0.094279852,1.01E-187
2.5289,-0.088149188,1.44E-187
2.529505,-0.081368416,2.05E-187
2.53011,-0.078041828,2.92E-187
2.530715,-0.079878476,4.17E-187
2.53132,-0.084357384,5.94E-187
2.531925,-0.087315297,8.48E-187
2.53253,-0.086805368,1.21E-186
2.533135,-0.084021159,1.72E-186
2.53374,-0.081183157,2.46E-186
2.534345,-0.079427862,3.50E-186
2.53495,-0.078608206,4.99E-186
2.535555,-0.078118722,7.11E-186
2.53616,-0.07723053,1.01E-185
2.536765,-0.075095827,1.44E-185
2.53737,-0.071391276,2.05E-185
2.537975,-0.06715842,2.92E-185
2.53858,-0.064320809,4.16E-185
2.539185,-0.063879073,5.93E-185
2.53979,-0.064894327,8.43E-185
2.540395,-0.065541804,1.20E-184
2.541,-0.064774783,1.71E-184
2.541605,-0.062721011,2.43E-184
2.54221,-0.060030864,3.46E-184
2.542815,-0.057403727,4.92E-184
2.54342,-0.055496724,6.99E-184
2.544025,-0.054602419,9.94E-184
2.54463,-0.054059797,1.41E-183
2.545235,-0.052275581,2.01E-183
2.54584,-0.048016628,2.85E-183
2.546445,-0.042107444,4.06E-183
2.54705,-0.037421264,5.76E-183
2.547655,-0.036367056,8.19E-183
2.54826,-0.038373036,1.16E-182
2.548865,-0.040492669,1.65E-182
2.54947,-0.040408117,2.34E-182
2.550075,-0.038206504,3.33E-182
2.55068,-0.035401055,4.73E-182
2.551285,-0.033084607,6.71E-182
2.55189,-0.031354167,9.52E-182
2.552495,-0.029955481,1.35E-181
2.5531,-0.028713921,1.92E-181
2.553705,-0.027231922,2.72E-181
2.55431,-0.02482348,3.86E-181
2.554915,-0.021315937,5.47E-181
2.55552,-0.017708706,7.75E-181
2.556125,-0.015433388,1.10E-180
2.55673,-0.014853608,1.56E-180
2.557335,-0.014897388,2.21E-180
2.55794,-0.014190324,3.13E-180
2.558545,-0.012161771,4.43E-180
2.55915,-0.009130357,6.28E-180
2.559755,-0.005833602,8.89E-180
2.56036,-0.003011834,1.26E-179
2.560965,-0.00107986,1.78E-179
2.56157,0.000172317,2.53E-179
2.562175,0.001605609,3.57E-179
2.56278,0.004208611,5.06E-179
2.563385,0.008203208,7.16E-179
2.56399,0.012537429,1.01E-178
2.564595,0.015568626,1.43E-178
2.5652,0.016597183,2.03E-178
2.565805,0.016569583,2.87E-178
2.56641,0.017041108,4.06E-178
2.567015,0.018703929,5.73E-178
2.56762,0.021128235,8.11E-178
2.568225,0.023586959,1.15E-177
2.56883,0.025728739,1.62E-177
2.569435,0.027526747,2.29E-177
2.57004,0.02900385,3.23E-177
2.570645,0.030281483,4.57E-177
2.57125,0.031719231,6.45E-177
2.571855,0.033656157,9.11E-177
2.57246,0.035929487,1.29E-176
2.573065,0.037866522,1.82E-176
2.57367,0.038930453,2.56E-176
2.574275,0.03927268,3.62E-176
2.57488,0.039538933,5.11E-176
2.575485,0.040284919,7.21E-176
2.57609,0.04167316,1.02E-175
2.576695,0.043523886,1.43E-175
2.5773,0.045467728,2.02E-175
2.577905,0.047121493,2.85E-175
2.57851,0.048290728,4.02E-175
2.579115,0.04910535,5.67E-175
2.57972,0.049964825,7.99E-175
2.580325,0.051250586,1.13E-174
2.58093,0.052926953,1.59E-174
2.581535,0.054422111,2.24E-174
2.58214,0.055125329,3.15E-174
2.582745,0.055067134,4.44E-174
2.58335,0.054907227,6.25E-174
2.583955,0.055233913,8.80E-174
2.58456,0.056088984,1.24E-173
2.585165,0.05716539,1.74E-173
2.58577,0.058206028,2.46E-173
2.586375,0.059096473,3.45E-173
2.58698,0.059741536,4.86E-173
2.587585,0.060080374,6.84E-173
2.58819,0.060235651,9.62E-173
2.588795,0.060462511,1.35E-172
2.5894,0.060850745,1.90E-172
2.590005,0.061192382,2.68E-172
2.59061,0.061273184,3.76E-172
2.591215,0.061216805,5.29E-172
2.59182,0.061381613,7.43E-172
2.592425,0.061976068,1.04E-171
2.59303,0.062936224,1.47E-171
2.593635,0.064105027,2.06E-171
2.59424,0.065345521,2.90E-171
2.594845,0.066502465,4.07E-171
2.59545,0.06742222,5.71E-171
2.596055,0.068096106,8.02E-171
2.59666,0.06872781,1.13E-170
2.597265,0.069546604,1.58E-170
2.59787,0.07050705,2.22E-170
2.598475,0.071242977,3.11E-170
2.59908,0.071432961,4.36E-170
2.599685,0.071217658,6.12E-170
2.60029,0.07112372,8.58E-170
2.600895,0.07151508,1.20E-169
2.6015,0.072235424,1.69E-169
2.602105,0.072874543,2.37E-169
2.60271,0.073276593,3.32E-169
2.603315,0.073622308,4.65E-169
2.60392,0.074041655,6.51E-169
2.604525,0.074373873,9.13E-169
2.60513,0.07441105,1.28E-168
2.605735,0.074189605,1.79E-168
2.60634,0.073862899,2.51E-168
2.606945,0.073394496,3.51E-168
2.60755,0.072595929,4.92E-168
2.608155,0.07147294,6.88E-168
2.60876,0.070360923,9.64E-168
2.609365,0.069666656,1.35E-167
2.60997,0.069566946,1.89E-167
2.610575,0.069945422,2.64E-167
2.61118,0.070499516,3.69E-167
2.611785,0.070889096,5.16E-167
2.61239,0.070899404,7.22E-167
2.612995,0.070565232,1.01E-166
2.6136,0.070131993,1.41E-166
2.614205,0.069828307,1.97E-166
2.61481,0.069635429,2.76E-166
2.615415,0.069281262,3.85E-166
2.61602,0.068488367,5.38E-166
2.616625,0.067257786,7.52E-166
2.61723,0.065899271,1.05E-165
2.617835,0.064760025,1.47E-165
2.61844,0.063951656,2.05E-165
2.619045,0.063362613,2.86E-165
2.61965,0.062860203,3.99E-165
2.620255,0.062378575,5.57E-165
2.62086,0.061824331,7.78E-165
2.621465,0.061036146,1.09E-164
2.62207,0.059947925,1.51E-164
2.622675,0.05872079,2.11E-164
2.62328,0.057545653,2.95E-164
2.623885,0.056307369,4.11E-164
2.62449,0.05463916,5.73E-164
2.625095,0.052432054,7.99E-164
2.6257,0.050153947,1.11E-163
2.626305,0.048484115,1.55E-163
2.62691,0.047684604,2.16E-163
2.627515,0.047459227,3.01E-163
2.62812,0.047345541,4.20E-163
2.628725,0.047090641,5.85E-163
2.62933,0.046692644,8.14E-163
2.629935,0.046245065,1.13E-162
2.63054,0.045813501,1.58E-162
2.631145,0.045403574,2.20E-162
2.63175,0.04495517,3.06E-162
2.632355,0.044344577,4.26E-162
2.63296,0.04345813,5.92E-162
2.633565,0.042332652,8.24E-162
2.63417,0.041197474,1.15E-161
2.634775,0.040297702,1.59E-161
2.63538,0.039684562,2.22E-161
2.635985,0.039241354,3.08E-161
2.63659,0.038862522,4.29E-161
2.637195,0.038506587,5.96E-161
2.6378,0.038101364,8.28E-161
2.638405,0.037512342,1.15E-160
2.63901,0.036677163,1.60E-160
2.639615,0.035737327,2.22E-160
2.64022,0.034904884,3.08E-160
2.640825,0.034124571,4.28E-160
2.64143,0.03299369,5.95E-160
2.642035,0.031200077,8.26E-160
2.64264,0.029009782,1.15E-159
2.643245,0.027119389,1.59E-159
2.64385,0.025988865,2.21E-159
2.644455,0.025475609,3.06E-159
2.64506,0.025121971,4.25E-159
2.645665,0.024608587,5.90E-159
2.64627,0.023873422,8.18E-159
2.646875,0.022951321,1.13E-158
2.64748,0.02186573,1.57E-158
2.648085,0.020690579,2.18E-158
2.64869,0.019583377,3.02E-158
2.649295,0.018624727,4.19E-158
2.6499,0.017631799,5.81E-158
2.650505,0.016255201,8.04E-158
2.65111,0.014348021,1.11E-157
2.651715,0.012175232,1.54E-157
2.65232,0.010176245,2.14E-157
2.652925,0.008581195,2.96E-157
2.65353,0.007307994,4.10E-157
2.654135,0.006129315,5.67E-157
2.65474,0.004852473,7.85E-157
2.655345,0.003380313,1.09E-156
2.65595,0.001692518,1.50E-156
2.656555,-0.000153308,2.08E-156
2.65716,-0.00201769,2.88E-156
2.657765,-0.003795433,3.98E-156
2.65837,-0.005591297,5.51E-156
2.658975,-0.007672073,7.61E-156
2.65958,-0.010122928,1.05E-155
2.660185,-0.012619274,1.45E-155
2.66079,-0.014697277,2.01E-155
2.661395,-0.016217539,2.78E-155
2.662,-0.017426612,3.84E-155
2.662605,-0.018622992,5.30E-155
2.66321,-0.019922221,7.33E-155
2.663815,-0.021335661,1.01E-154
2.66442,-0.022908742,1.40E-154
2.665025,-0.024649818,1.93E-154
2.66563,-0.026371012,2.66E-154
2.666235,-0.027775346,3.68E-154
2.66684,-0.028812502,5.07E-154
2.667445,-0.029883571,7.00E-154
2.66805,-0.031513818,9.66E-154
2.668655,-0.033761146,1.33E-153
2.66926,-0.036105361,1.84E-153
2.669865,-0.037987227,2.53E-153
2.67047,-0.039298549,3.49E-153
2.671075,-0.040319799,4.82E-153
2.67168,-0.041380352,6.64E-153
2.672285,-0.042672811,9.15E-153
2.67289,-0.044255859,1.26E-152
2.673495,-0.046043813,1.74E-152
2.6741,-0.047765552,2.39E-152
2.674705,-0.049098894,3.30E-152
2.67531,-0.050001029,4.54E-152
2.675915,-0.050888186,6.25E-152
2.67652,-0.052327726,8.61E-152
2.677125,-0.054445777,1.18E-151
2.67773,-0.056742415,1.63E-151
2.678335,-0.058598372,2.24E-151
2.67894,-0.059856153,3.09E-151
2.679545,-0.060819526,4.25E-151
2.68015,-0.061838579,5.85E-151
2.680755,-0.063083375,8.04E-151
2.68136,-0.064654983,1.11E-150
2.681965,-0.066583949,1.52E-150
2.68257,-0.06851233,2.09E-150
2.683175,-0.069654389,2.87E-150
2.68378,-0.069550544,3.95E-150
2.684385,-0.068929051,5.43E-150
2.68499,-0.069369366,7.46E-150
2.685595,-0.071773161,1.02E-149
2.6862,-0.075419813,1.41E-149
2.686805,-0.078778683,1.93E-149
2.68741,-0.08094,2.65E-149
2.688015,-0.082054151,3.64E-149
2.68862,-0.082781308,5.00E-149
2.689225,-0.083692189,6.86E-149
2.68983,-0.085087535,9.42E-149
2.690435,-0.086987657,1.29E-148
2.69104,-0.088979079,1.77E-148
2.691645,-0.090231977,2.43E-148
2.69225,-0.090197249,3.34E-148
2.692855,-0.089504949,4.58E-148
2.69346,-0.089744343,6.27E-148
2.694065,-0.091883151,8.60E-148
2.69467,-0.095134775,1.18E-147
2.695275,-0.097837292,1.62E-147
2.69588,-0.099187329,2.21E-147
2.696485,-0.09965704,3.03E-147
2.69709,-0.100028041,4.16E-147
2.697695,-0.100634707,5.69E-147
2.6983,-0.101537806,7.80E-147
2.698905,-0.10281596,1.07E-146
2.69951,-0.104193023,1.46E-146
2.700115,-0.1046249,2.00E-146
2.70072,-0.103042006,2.74E-146
2.701325,-0.099944951,3.75E-146
2.70193,-0.097769995,5.13E-146
2.702535,-0.098826208,7.02E-146
2.70314,-0.102863941,9.60E-146
2.703745,-0.107311325,1.31E-145
2.70435,-0.109838897,1.80E-145
2.704955,-0.110135881,2.46E-145
2.70556,-0.109412359,3.36E-145
2.706165,-0.108953717,4.59E-145
2.70677,-0.109340256,6.27E-145
2.707375,-0.110474006,8.57E-145
2.70798,-0.111723273,1.17E-144
2.708585,-0.112062715,1.60E-144
2.70919,-0.110703804,2.19E-144
2.709795,-0.108081333,2.98E-144
2.7104,-0.106013964,4.08E-144
2.711005,-0.106276075,5.57E-144
2.71161,-0.108835088,7.60E-144
2.712215,-0.111876287,1.04E-143
2.71282,-0.113612268,1.42E-143
2.713425,-0.11366343,1.93E-143
2.71403,-0.112728851,2.63E-143
2.714635,-0.111570411,3.59E-143
2.71524,-0.110692692,4.90E-143
2.715845,-0.110546995,6.69E-143
2.71645,-0.11117414,9.12E-143
2.717055,-0.111412067,1.24E-142
2.71766,-0.109307676,1.69E-142
2.718265,-0.104302047,2.31E-142
2.71887,-0.098827879,3.15E-142
2.719475,-0.096601692,4.29E-142
2.72008,-0.098908332,5.84E-142
2.720685,-0.103302579,7.96E-142
2.72129,-0.106223023,1.08E-141
2.721895,-0.106148169,1.48E-141
2.7225,-0.104070351,2.01E-141
2.723105,-0.101818304,2.73E-141
2.72371,-0.100510276,3.72E-141
2.724315,-0.100217483,5.07E-141
2.72492,-0.100330464,6.89E-141
2.725525,-0.099868317,9.38E-141
2.72613,-0.097827558,1.28E-140
2.726735,-0.09403543,1.74E-140
2.72734,-0.08990987,2.36E-140
2.727945,-0.087692229,3.21E-140
2.72855,-0.088325783,4.36E-140
2.729155,-0.090441942,5.93E-140
2.72976,-0.09183028,8.06E-140
2.730365,-0.091450518,1.10E-139
2.73097,-0.089703694,1.49E-139
2.731575,-0.087434454,2.02E-139
2.73218,-0.085340493,2.75E-139
2.732785,-0.083984574,3.73E-139
2.73339,-0.08351551,5.06E-139
2.733995,-0.083066271,6.88E-139
2.7346,-0.080919535,9.34E-139
2.735205,-0.076040352,1.27E-138
2.73581,-0.069759309,1.72E-138
2.736415,-0.065365906,2.33E-138
2.73702,-0.065213259,3.17E-138
2.737625,-0.068288531,4.29E-138
2.73823,-0.071235833,5.83E-138
2.738835,-0.071616535,7.90E-138
2.73944,-0.069616613,1.07E-137
2.740045,-0.066887195,1.45E-137
2.74065,-0.064637134,1.97E-137
2.741255,-0.063090172,2.67E-137
2.74186,-0.062028994,3.62E-137
2.742465,-0.06103459,4.90E-137
2.74307,-0.059302949,6.64E-137
2.743675,-0.056076923,8.99E-137
2.74428,-0.051730468,1.22E-136
2.744885,-0.047998103,1.65E-136
2.74549,-0.04648399,2.23E-136
2.746095,-0.046962799,3.02E-136
2.7467,-0.047596816,4.09E-136
2.747305,-0.046774458,5.54E-136
2.74791,-0.044344737,7.49E-136
2.748515,-0.041215764,1.01E-135
2.74912,-0.038316924,1.37E-135
2.749725,-0.036093523,1.85E-135
2.75033,-0.034564322,2.51E-135
2.750935,-0.033327604,3.39E-135
2.75154,-0.031441673,4.58E-135
2.752145,-0.027866936,6.20E-135
2.75275,-0.022661063,8.38E-135
2.753355,-0.017638366,1.13E-134
2.75396,-0.015084433,1.53E-134
2.754565,-0.015479354,2.07E-134
2.75517,-0.016966592,2.79E-134
2.755775,-0.017270079,3.77E-134
2.75638,-0.015646499,5.09E-134
2.756985,-0.01287578,6.87E-134
2.75759,-0.010016155,9.28E-134
2.758195,-0.007618419,1.25E-133
2.7588,-0.005818545,1.69E-133
2.759405,-0.00452409,2.28E-133
2.76001,-0.003265899,3.08E-133
2.760615,-0.001282473,4.15E-133
2.76122,0.001760007,5.60E-133
2.761825,0.005147931,7.55E-133
2.76243,0.00761045,1.02E-132
2.763035,0.008620098,1.37E-132
2.76364,0.00896389,1.85E-132
2.764245,0.009872863,2.49E-132
2.76485,0.011843484,3.36E-132
2.765455,0.014431069,4.53E-132
2.76606,0.016909668,6.10E-132
2.766665,0.018913036,8.22E-132
2.76727,0.020527069,1.11E-131
2.767875,0.021992067,1.49E-131
2.76848,0.023493796,2.01E-131
2.769085,0.025232332,2.70E-131
2.76969,0.027450503,3.64E-131
2.770295,0.0301125,4.89E-131
2.7709,0.032617124,6.58E-131
2.771505,0.0342053,8.86E-131
2.77211,0.034761831,1.19E-130
2.772715,0.034982032,1.60E-130
2.77332,0.03570475,2.16E-130
2.773925,0.037230517,2.90E-130
2.77453,0.039239088,3.90E-130
2.775135,0.0411676,5.24E-130
2.77574,0.042600899,7.04E-130
2.776345,0.043453982,9.46E-130
2.77695,0.044006643,1.27E-129
2.777555,0.044779311,1.71E-129
2.77816,0.04614998,2.29E-129
2.778765,0.04793251,3.08E-129
2.77937,0.049441753,4.14E-129
2.779975,0.050173996,5.56E-129
2.78058,0.050386114,7.46E-129
2.781185,0.050807578,1.00E-128
2.78179,0.051840518,1.34E-128
2.782395,0.053278119,1.80E-128
2.783,0.054732654,2.42E-128
2.783605,0.056037703,3.24E-128
2.78421,0.057199616,4.35E-128
2.784815,0.058194898,5.84E-128
2.78542,0.058967145,7.83E-128
2.786025,0.059588101,1.05E-127
2.78663,0.060305374,1.41E-127
2.787235,0.061297741,1.89E-127
2.78784,0.062358703,2.53E-127
2.788445,0.063000973,3.39E-127
2.78905,0.06301012,4.54E-127
2.789655,0.062764194,6.08E-127
2.79026,0.062885173,8.14E-127
2.790865,0.063667294,1.09E-126
2.79147,0.064885986,1.46E-126
2.792075,0.06605835,1.95E-126
2.79268,0.06683895,2.61E-126
2.793285,0.067203857,3.50E-126
2.79389,0.067343422,4.68E-126
2.794495,0.067472833,6.26E-126
2.7951,0.06770289,8.38E-126
2.795705,0.067949741,1.12E-125
2.79631,0.067957282,1.50E-125
2.796915,0.067553972,2.00E-125
2.79752,0.066941913,2.68E-125
2.798125,0.066587945,3.58E-125
2.79873,0.06676572,4.79E-125
2.799335,0.067350663,6.40E-125
2.79994,0.068088203,8.55E-125
2.800545,0.06886644,1.14E-124
2.80115,0.069654113,1.53E-124
2.801755,0.070339477,2.04E-124
2.80236,0.070793548,2.72E-124
2.802965,0.071066093,3.63E-124
2.80357,0.071373755,4.85E-124
2.804175,0.071815042,6.47E-124
2.80478,0.072150675,8.64E-124
2.805385,0.071989562,1.15E-123
2.80599,0.071258463,1.54E-123
2.806595,0.070398097,2.05E-123
2.8072,0.069986738,2.74E-123
2.807805,0.070210853,3.65E-123
2.80841,0.070764067,4.87E-123
2.809015,0.071196343,6.49E-123
2.80962,0.071269805,8.65E-123
2.810225,0.071006149,1.15E-122
2.81083,0.070545335,1.54E-122
2.811435,0.070061974,2.05E-122
2.81204,0.06970812,2.73E-122
2.812645,0.069445047,3.63E-122
2.81325,0.068931045,4.84E-122
2.813855,0.067774939,6.44E-122
2.81446,0.066010792,8.58E-122
2.815065,0.064201002,1.14E-121
2.81567,0.062969577,1.52E-121
2.816275,0.062519987,2.02E-121
2.81688,0.062640036,2.69E-121
2.817485,0.063000829,3.58E-121
2.81809,0.063323676,4.76E-121
2.818695,0.063385789,6.34E-121
2.8193,0.063083877,8.43E-121
2.819905,0.06254201,1.12E-120
2.82051,0.062034109,1.49E-120
2.821115,0.061691053,1.98E-120
2.82172,0.061291359,2.63E-120
2.822325,0.060438702,3.50E-120
2.82293,0.059027145,4.65E-120
2.823535,0.057471819,6.18E-120
2.82414,0.056359718,8.20E-120
2.824745,0.055896897,1.09E-119
2.82535,0.055789983,1.45E-119
2.825955,0.055595406,1.92E-119
2.82656,0.055051946,2.55E-119
2.827165,0.05414137,3.39E-119
2.82777,0.053011388,4.49E-119
2.828375,0.051887891,5.96E-119
2.82898,0.050949691,7.91E-119
2.829585,0.050162838,1.05E-118
2.83019,0.049212028,1.39E-118
2.830795,0.047700989,1.85E-118
2.8314,0.045551134,2.45E-118
2.832005,0.043192322,3.25E-118
2.83261,0.041255224,4.30E-118
2.833215,0.040070637,5.70E-118
2.83382,0.039518864,7.56E-118
2.834425,0.039271761,1.00E-117
2.83503,0.03903908,1.33E-117
2.835635,0.038631178,1.76E-117
2.83624,0.037960333,2.33E-117
2.836845,0.037081268,3.08E-117
2.83745,0.036214846,4.08E-117
2.838055,0.035618485,5.40E-117
2.83866,0.035285948,7.15E-117
2.839265,0.034785664,9.46E-117
2.83987,0.033602637,1.25E-116
2.840475,0.031754317,1.66E-116
2.84108,0.029910506,2.19E-116
2.841685,0.028754209,2.90E-116
2.84229,0.028328244,3.83E-116
2.842895,0.028111825,5.07E-116
2.8435,0.027599803,6.70E-116
2.844105,0.026677753,8.86E-116
2.84471,0.02553482,1.17E-115
2.845315,0.024387129,1.55E-115
2.84592,0.023328132,2.04E-115
2.846525,0.022333855,2.70E-115
2.84713,0.021273198,3.57E-115
2.847735,0.019914201,4.71E-115
2.84834,0.0180688,6.22E-115
2.848945,0.015840292,8.22E-115
2.84955,0.01365895,1.08E-114
2.850155,0.011948669,1.43E-114
2.85076,0.010771056,1.89E-114
2.851365,0.009859791,2.49E-114
2.85197,0.008940321,3.29E-114
2.852575,0.007923799,4.34E-114
2.85318,0.00683069,5.73E-114
2.853785,0.005656277,7.55E-114
2.85439,0.004383613,9.96E-114
2.854995,0.003060186,1.31E-113
2.8556,0.001739402,1.73E-113
2.856205,0.000336526,2.28E-113
2.85681,-0.001339732,3.01E-113
2.857415,-0.00332527,3.96E-113
2.85802,-0.005342652,5.22E-113
2.858625,-0.007030681,6.87E-113
2.85923,-0.008298268,9.05E-113
2.859835,-0.009348547,1.19E-112
2.86044,-0.010427495,1.57E-112
2.861045,-0.011683592,2.07E-112
2.86165,-0.013213402,2.72E-112
2.862255,-0.015065377,3.58E-112
2.86286,-0.017133861,4.71E-112
2.863465,-0.019151863,6.20E-112
2.86407,-0.020918285,8.15E-112
2.864675,-0.022546349,1.07E-111
2.86528,-0.024403661,1.41E-111
2.865885,-0.026729753,1.85E-111
2.86649,-0.029317704,2.44E-111
2.867095,-0.031656076,3.21E-111
2.8677,-0.033411613,4.21E-111
2.868305,-0.034701148,5.54E-111
2.86891,-0.035892311,7.28E-111
2.869515,-0.037240825,9.56E-111
2.87012,-0.038759474,1.26E-110
2.870725,-0.040367662,1.65E-110
2.87133,-0.042039749,2.17E-110
2.871935,-0.043715512,2.84E-110
2.87254,-0.045153777,3.73E-110
2.873145,-0.046114559,4.90E-110
2.87375,-0.04679633,6.43E-110
2.874355,-0.047877448,8.44E-110
2.87496,-0.049852368,1.11E-109
2.875565,-0.052409152,1.45E-109
2.87617,-0.05469864,1.91E-109
2.876775,-0.056162196,2.50E-109
2.87738,-0.056945837,3.28E-109
2.877985,-0.057621216,4.30E-109
2.87859,-0.058700953,5.63E-109
2.879195,-0.060387784,7.38E-109
2.8798,-0.062542556,9.67E-109
2.880405,-0.064726533,1.27E-108
2.88101,-0.066404987,1.66E-108
2.881615,-0.067370116,2.17E-108
2.88222,-0.068048627,2.85E-108
2.882825,-0.069228097,3.73E-108
2.88343,-0.071289415,4.88E-108
2.884035,-0.073784182,6.39E-108
2.88464,-0.075937322,8.37E-108
2.885245,-0.077435961,1.10E-107
2.88585,-0.078532557,1.43E-107
2.886455,-0.079539932,1.88E-107
2.88706,-0.080540942,2.45E-107
2.887665,-0.081630182,3.21E-107
2.88827,-0.083077884,4.20E-107
2.888875,-0.084829939,5.49E-107
2.88948,-0.085976544,7.18E-107
2.890085,-0.085423873,9.38E-107
2.89069,-0.08349483,1.23E-106
2.891295,-0.082333161,1.60E-106
2.8919,-0.083958033,2.09E-106
2.892505,-0.088054753,2.74E-106
2.89311,-0.092320964,3.57E-106
2.893715,-0.09483938,4.67E-106
2.89432,-0.095544031,6.09E-106
2.894925,-0.095603667,7.96E-106
2.89553,-0.096074193,1.04E-105
2.896135,-0.09726979,1.36E-105
2.89674,-0.098944282,1.77E-105
2.897345,-0.100576416,2.31E-105
2.89795,-0.101482563,3.01E-105
2.898555,-0.101164409,3.93E-105
2.89916,-0.099974681,5.13E-105
2.899765,-0.099264194,6.69E-105
2.90037,-0.100326637,8.72E-105
2.900975,-0.103066638,1.14E-104
2.90158,-0.106069898,1.48E-104
2.902185,-0.107998934,1.93E-104
2.90279,-0.108561181,2.52E-104
2.903395,-0.1082556,3.28E-104
2.904,-0.107767753,4.27E-104
2.904605,-0.107781163,5.57E-104
2.90521,-0.10883703,7.25E-104
2.905815,-0.110697305,9.44E-104
2.90642,-0.111852942,1.23E-103
2.907025,-0.110470789,1.60E-103
2.90763,-0.106530332,2.08E-103
2.908235,-0.102736135,2.71E-103
2.90884,-0.102383072,3.53E-103
2.909445,-0.106041016,4.59E-103
2.91005,-0.110961363,5.97E-103
2.910655,-0.113916271,7.77E-103
2.91126,-0.114011227,1.01E-102
2.911865,-0.112646942,1.31E-102
2.91247,-0.111537839,1.71E-102
2.913075,-0.111329817,2.22E-102
2.91368,-0.11178131,2.89E-102
2.914285,-0.112398022,3.75E-102
2.91489,-0.112459686,4.87E-102
2.915495,-0.111028634,6.33E-102
2.9161,-0.107860384,8.22E-102
2.916705,-0.104343218,1.07E-101
2.91731,-0.102689414,1.39E-101
2.917915,-0.103785811,1.80E-101
2.91852,-0.106348233,2.34E-101
2.919125,-0.108370658,3.04E-101
2.91973,-0.108785538,3.94E-101
2.920335,-0.107635049,5.11E-101
2.92094,-0.105527695,6.63E-101
2.921545,-0.103438908,8.60E-101
2.92215,-0.102443335,1.12E-100
2.922755,-0.102799022,1.45E-100
2.92336,-0.103138123,1.88E-100
2.923965,-0.101138897,2.43E-100
2.92457,-0.095780194,3.15E-100
2.925175,-0.089155319,4.09E-100
2.92578,-0.085312753,5.30E-100
2.926385,-0.086487729,6.87E-100
2.92699,-0.090762439,8.90E-100
2.927595,-0.09408436,1.15E-99
2.9282,-0.094227803,1.49E-99
2.928805,-0.092146611,1.93E-99
2.92941,-0.089941129,2.50E-99
2.930015,-0.088579722,3.24E-99
2.93062,-0.087778725,4.19E-99
2.931225,-0.087121974,5.43E-99
2.93183,-0.086365384,7.02E-99
2.932435,-0.084907106,9.09E-99
2.93304,-0.082011242,1.18E-98
2.933645,-0.078015723,1.52E-98
2.93425,-0.074704658,1.97E-98
2.934855,-0.073763712,2.54E-98
2.93546,-0.0749963,3.29E-98
2.936065,-0.076533015,4.25E-98
2.93667,-0.076634502,5.49E-98
2.937275,-0.07491712,7.10E-98
2.93788,-0.072126313,9.17E-98
2.938485,-0.069323756,1.19E-97
2.93909,-0.067340017,1.53E-97
2.939695,-0.066459463,1.98E-97
2.9403,-0.066057182,2.55E-97
2.940905,-0.064560649,3.30E-97
2.94151,-0.060507612,4.26E-97
2.942115,-0.054340779,5.49E-97
2.94272,-0.048860888,7.09E-97
2.943325,-0.046941627,9.15E-97
2.94393,-0.048597288,1.18E-96
2.944535,-0.050994514,1.52E-96
2.94514,-0.051418599,1.96E-96
2.945745,-0.049508231,2.53E-96
2.94635,-0.046607669,3.27E-96
2.946955,-0.043904185,4.21E-96
2.94756,-0.041705718,5.43E-96
2.948165,-0.039947568,7.00E-96
2.94877,-0.03851884,9.02E-96
2.949375,-0.036948365,1.16E-95
2.94998,-0.034432313,1.50E-95
2.950585,-0.030733251,1.93E-95
2.95119,-0.026869461,2.48E-95
2.951795,-0.024357457,3.20E-95
2.9524,-0.023646215,4.12E-95
2.953005,-0.023676709,5.30E-95
2.95361,-0.023052667,6.83E-95
2.954215,-0.021236078,8.79E-95
2.95482,-0.018573289,1.13E-94
2.955425,-0.015673691,1.46E-94
2.95603,-0.013030279,1.87E-94
2.956635,-0.010963292,2.41E-94
2.95724,-0.00949695,3.10E-94
2.957845,-0.008095543,3.98E-94
2.95845,-0.005745542,5.12E-94
2.959055,-0.001812962,6.58E-94
2.95966,0.002912645,8.46E-94
2.960265,0.006448162,1.09E-93
2.96087,0.007459268,1.40E-93
2.961475,0.006715957,1.79E-93
2.96208,0.006278581,2.31E-93
2.962685,0.007452566,2.96E-93
2.96329,0.009913346,3.80E-93
2.963895,0.012545642,4.88E-93
2.9645,0.014603343,6.27E-93
2.965105,0.016022445,8.05E-93
2.96571,0.017085457,1.03E-92
2.966315,1.82E-02,1.33E-92
2.96692,0.019744467,1.70E-92
2.967525,0.021965402,2.18E-92
2.96813,0.024453818,2.80E-92
2.968735,0.026422295,3.59E-92
2.96934,0.027459657,4.60E-92
2.969945,0.027992727,5.90E-92
2.97055,0.028776962,7.56E-92
2.971155,0.030104541,9.69E-92
2.97176,0.03175558,1.24E-91
2.972365,0.033506636,1.59E-91
2.97297,0.035327361,2.04E-91
2.973575,0.037118402,2.61E-91
2.97418,0.038576558,3.35E-91
2.974785,0.039515508,4.29E-91
2.97539,0.040257741,5.49E-91
2.975995,0.041500882,7.03E-91
2.9766,0.043596006,8.99E-91
2.977205,0.045974104,1.15E-90
2.97781,0.047581815,1.47E-90
2.978415,0.048018672,1.88E-90
2.97902,0.047965099,2.41E-90
2.979625,0.048370082,3.08E-90
2.98023,0.04953006,3.94E-90
2.980835,0.0510896,5.04E-90
2.98144,0.052623355,6.45E-90
2.982045,0.053961926,8.24E-90
2.98265,0.055086692,1.05E-89
2.983255,0.056004578,1.35E-89
2.98386,0.056809839,1.72E-89
2.984465,0.057688184,2.20E-89
2.98507,0.058700975,2.81E-89
2.985675,0.05961551,3.59E-89
2.98628,0.060101492,4.58E-89
2.986885,0.060135118,5.85E-89
2.98749,0.060100707,7.47E-89
2.988095,0.060460104,9.53E-89
2.9887,0.061408042,1.22E-88
2.989305,0.062809892,1.55E-88
2.98991,0.064328117,1.98E-88
2.990515,0.065611613,2.53E-88
2.99112,0.066486713,3.22E-88
2.991725,0.067036073,4.11E-88
2.99233,0.067503747,5.24E-88
2.992935,0.068109698,6.68E-88
2.99354,0.068878897,8.52E-88
2.994145,0.069566091,1.09E-87
2.99475,0.069822744,1.38E-87
2.995355,0.06958228,1.76E-87
2.99596,0.069223466,2.25E-87
2.996565,0.069225491,2.86E-87
2.99717,0.069729506,3.65E-87
2.997775,0.070514308,4.64E-87
2.99838,0.071284929,5.91E-87
2.998985,0.071870381,7.53E-87
2.99959,0.072199547,9.58E-87
3.000195,0.072244292,1.22E-86
3.0008,0.072075016,1.55E-86
3.001405,0.071880467,1.97E-86
3.00201,0.071778425,2.51E-86
3.002615,0.071604554,3.19E-86
3.00322,0.071035165,4.06E-86
3.003825,0.070001549,5.17E-86
3.00443,0.06889136,6.57E-86
3.005035,0.068239665,8.35E-86
3.00564,0.068262247,1.06E-85
3.006245,0.068744208,1.35E-85
3.00685,0.069315,1.71E-85
3.007455,0.069741595,2.18E-85
3.00806,0.069977805,2.77E-85
3.008665,0.070054585,3.51E-85
3.00927,0.070020639,4.46E-85
3.009875,0.069950696,5.67E-85
3.01048,0.069883357,7.19E-85
3.011085,0.069701456,9.13E-85
3.01169,0.069183389,1.16E-84
3.012295,0.068279278,1.47E-84
3.0129,0.067261026,1.87E-84
3.013505,0.066486519,2.37E-84
3.01411,0.066071144,3.00E-84
3.014715,0.065871707,3.81E-84
3.01532,0.065711171,4.83E-84
3.015925,0.065510571,6.12E-84
3.01653,0.065233526,7.76E-84
3.017135,0.064812556,9.84E-84
3.01774,0.064197586,1.25E-83
3.018345,0.063444495,1.58E-83
3.01895,0.062644461,2.00E-83
3.019555,0.061722564,2.54E-83
3.02016,0.060433042,3.21E-83
3.020765,0.058690851,4.07E-83
3.02137,0.056840175,5.15E-83
3.021975,0.055422047,6.52E-83
3.02258,0.054677538,8.25E-83
3.023185,0.054408361,1.04E-82
3.02379,0.054289097,1.32E-82
3.024395,0.054152576,1.67E-82
3.025,0.053962236,2.12E-82
3.025605,0.053663442,2.68E-82
3.02621,0.053186302,3.39E-82
3.026815,0.052585856,4.28E-82
3.02742,0.05206624,5.41E-82
3.028025,0.051753906,6.84E-82
3.02863,0.051451236,8.65E-82
3.029235,0.050740914,1.09E-81
3.02984,0.04942746,1.38E-81
3.030445,0.0478178,1.74E-81
3.03105,0.04648957,2.20E-81
3.031655,0.045812684,2.78E-81
3.03226,0.045698123,3.52E-81
3.032865,0.045714761,4.44E-81
3.03347,0.045404449,5.60E-81
3.034075,0.04456123,7.08E-81
3.03468,0.043323118,8.93E-81
3.035285,0.042047515,1.13E-80
3.03589,0.041027887,1.42E-80
3.036495,0.040209282,1.79E-80
3.0371,0.039161719,2.26E-80
3.037705,0.037451565,2.85E-80
3.03831,0.035136008,3.60E-80
3.038915,0.03283144,4.54E-80
3.03952,0.0312032,5.72E-80
3.040125,0.030419846,7.21E-80
3.04073,0.030134343,9.09E-80
3.041335,0.029881024,1.14E-79
3.04194,0.029378307,1.44E-79
3.042545,0.02853396,1.82E-79
3.04315,0.027378565,2.29E-79
3.043755,0.026090402,2.88E-79
3.04436,0.024956015,3.63E-79
3.044965,0.024133754,4.57E-79
3.04557,0.02342089,5.75E-79
3.046175,0.022359061,7.24E-79
3.04678,0.02068975,9.11E-79
3.047385,0.018690349,1.15E-78
3.04799,0.016955196,1.44E-78
3.048595,0.015842315,1.81E-78
3.0492,0.015196247,2.28E-78
3.049805,0.014556311,2.87E-78
3.05041,0.013541596,3.61E-78
3.051015,0.012084527,4.53E-78
3.05162,0.010415629,5.70E-78
3.052225,0.008851166,7.16E-78
3.05283,0.007520281,9.00E-78
3.053435,0.006223519,1.13E-77
3.05404,0.004571873,1.42E-77
3.054645,0.002352877,1.78E-77
3.05525,-0.000193783,2.24E-77
3.055855,-0.002525092,2.81E-77
3.05646,-0.004290397,3.53E-77
3.057065,-0.005638529,4.43E-77
3.05767,-0.006966284,5.57E-77
3.058275,-0.008439351,6.98E-77
3.05888,-0.009886689,8.76E-77
3.059485,-0.011137532,1.10E-76
3.06009,-0.012321831,1.38E-76
3.060695,-0.013752951,1.73E-76
3.0613,-0.015539241,2.17E-76
3.061905,-0.017409297,2.72E-76
3.06251,-0.019008921,3.41E-76
3.063115,-0.02035561,4.27E-76
3.06372,-0.02186841,5.36E-76
3.064325,-0.023868551,6.71E-76
3.06493,-0.026169914,8.41E-76
3.065535,-0.028278727,1.05E-75
3.06614,-0.029900566,1.32E-75
3.066745,-0.031157249,1.65E-75
3.06735,-0.03238996,2.07E-75
3.067955,-0.033847519,2.59E-75
3.06856,-0.03556014,3.24E-75
3.069165,-0.037418084,4.06E-75
3.06977,-0.03926091,5.08E-75
3.070375,-0.040923034,6.35E-75
3.07098,-0.042351218,7.95E-75
3.071585,-0.043734508,9.94E-75
3.07219,-0.045381467,1.24E-74
3.072795,-0.047350416,1.56E-74
3.0734,-0.049319036,1.94E-74
3.074005,-0.050944236,2.43E-74
3.07461,-0.052198522,3.04E-74
3.075215,-0.053241391,3.80E-74
3.07582,-0.054173916,4.74E-74
3.076425,-0.05510237,5.93E-74
3.07703,-0.056300817,7.41E-74
3.077635,-0.058031242,9.25E-74
3.07824,-0.060090779,1.16E-73
3.078845,-0.06172159,1.44E-73
3.07945,-0.062284943,1.80E-73
3.080055,-0.062141844,2.25E-73
3.08066,-0.062613646,2.81E-73
3.081265,-0.064721229,3.50E-73
3.08187,-0.068025416,4.37E-73
3.082475,-0.071038409,5.45E-73
3.08308,-0.072724798,6.80E-73
3.083685,-0.073331652,8.48E-73
3.08429,-0.07386314,1.06E-72
3.084895,-0.075059558,1.32E-72
3.0855,-0.076940106,1.64E-72
3.086105,-0.079081993,2.05E-72
3.08671,-0.081011001,2.55E-72
3.087315,-0.08229579,3.18E-72
3.08792,-0.082662673,3.96E-72
3.088525,-0.082384487,4.94E-72
3.08913,-0.082412536,6.15E-72
3.089735,-0.083668478,7.66E-72
3.09034,-0.086113508,9.54E-72
3.090945,-0.088815748,1.19E-71
3.09155,-0.090903824,1.48E-71
3.092155,-0.092144262,1.84E-71
3.09276,-0.09274496,2.29E-71
3.093365,-0.093075738,2.85E-71
3.09397,-0.093653491,3.54E-71
3.094575,-0.094976553,4.41E-71
3.09518,-0.096927294,5.48E-71
3.095785,-0.098358462,6.82E-71
3.09639,-0.097833189,8.48E-71
3.096995,-0.095324153,1.05E-70
3.0976,-0.092991406,1.31E-70
3.098205,-0.093481907,1.63E-70
3.09881,-0.09720243,2.02E-70
3.099415,-0.10186385,2.51E-70
3.10002,-0.104883049,3.12E-70
3.100625,-0.105631428,3.88E-70
3.10123,-0.105249999,4.82E-70
3.101835,-0.105037311,5.98E-70
3.10244,-0.105516345,7.43E-70
3.103045,-0.106646987,9.22E-70
3.10365,-0.108110603,1.14E-69
3.104255,-0.109141839,1.42E-69
3.10486,-0.108753075,1.76E-69
3.105465,-0.106840825,2.19E-69
3.10607,-0.10490878,2.71E-69
3.106675,-0.104944337,3.36E-69
3.10728,-0.107360396,4.17E-69
3.107885,-0.110573684,5.17E-69
3.10849,-0.11273747,6.41E-69
3.109095,-0.113306012,7.94E-69
3.1097,-0.112832496,9.85E-69
3.110305,-0.112012815,1.22E-68
3.11091,-0.111385189,1.51E-68
3.111515,-0.111465018,1.87E-68
3.11212,-0.112350953,2.32E-68
3.112725,-0.113000157,2.87E-68
3.11333,-0.111561159,3.56E-68
3.113935,-0.107274209,4.40E-68
3.11454,-0.102116012,5.45E-68
3.115145,-0.099688172,6.75E-68
3.11575,-0.101796234,8.35E-68
3.116355,-0.106545769,1.03E-67
3.11696,-0.110308099,1.28E-67
3.117565,-0.111097259,1.58E-67
3.11817,-0.109625439,1.96E-67
3.118775,-0.107720226,2.42E-67
3.11938,-0.1065475,2.99E-67
3.119985,-0.106243062,3.70E-67
3.12059,-0.106365409,4.57E-67
3.121195,-0.106110288,5.65E-67
3.1218,-0.10446837,6.98E-67
3.122405,-0.101019943,8.62E-67
3.12301,-0.096846519,1.06E-66
3.123615,-0.094098568,1.32E-66
3.12422,-0.094106632,1.62E-66
3.124825,-0.096073122,2.01E-66
3.12543,-0.097923729,2.48E-66
3.126035,-0.098183366,3.06E-66
3.12664,-0.096786069,3.77E-66
3.127245,-0.094519099,4.66E-66
3.12785,-0.092274671,5.75E-66
3.128455,-0.09077061,7.09E-66
3.12906,-0.090312146,8.74E-66
3.129665,-0.090220704,1.08E-65
3.13027,-0.088688721,1.33E-65
3.130875,-0.084168798,1.64E-65
3.13148,-0.077573736,2.02E-65
3.132085,-0.072479751,2.49E-65
3.13269,-0.072016491,3.07E-65
3.133295,-0.075558713,3.78E-65
3.1339,-0.079338656,4.66E-65
3.134505,-0.080270409,5.74E-65
3.13511,-0.078382907,7.07E-65
3.135715,-0.075665995,8.71E-65
3.13632,-0.073632807,1.07E-64
3.136925,-0.072453636,1.32E-64
3.13753,-0.071690254,1.63E-64
3.138135,-0.070884063,2.00E-64
3.13874,-0.069386693,2.46E-64
3.139345,-0.066481092,3.03E-64
3.13995,-0.062304231,3.73E-64
3.140555,-0.058332957,4.59E-64
3.14116,-0.056273705,5.64E-64
3.141765,-0.056386027,6.94E-64
3.14237,-0.057294495,8.53E-64
3.142975,-0.057403531,1.05E-63
3.14358,-0.05607839,1.29E-63
3.144185,-0.053601766,1.58E-63
3.14479,-0.050639639,1.95E-63
3.145395,-0.047950698,2.39E-63
3.146,-0.04613685,2.94E-63
3.146605,-0.045112674,3.61E-63
3.14721,-0.043722458,4.43E-63
3.147815,-0.04037605,5.44E-63
3.14842,-0.034723651,6.68E-63
3.149025,-0.02874529,8.20E-63
3.14963,-0.025424788,1.01E-62
3.150235,-0.025823375,1.24E-62
3.15084,-0.027921761,1.52E-62
3.151445,-0.028756203,1.86E-62
3.15205,-0.027194491,2.28E-62
3.152655,-0.0242738,2.80E-62
3.15326,-0.021463371,3.43E-62
3.153865,-0.019301967,4.21E-62
3.15447,-0.017558691,5.16E-62
3.155075,-0.015957031,6.32E-62
3.15568,-0.014282747,7.75E-62
3.156285,-0.012114994,9.49E-62
3.15689,-0.009100842,1.16E-61
3.157495,-0.005657845,1.42E-61
3.1581,-0.00295319,1.75E-61
3.158705,-0.001778989,2.14E-61
3.15931,-0.001635911,2.62E-61
3.159915,-0.001256953,3.20E-61
3.16052,0.000161828,3.92E-61
3.161125,0.00252702,4.80E-61
3.16173,0.00533186,5.88E-61
3.162335,0.008112502,7.19E-61
3.16294,0.010487112,8.80E-61
3.163545,0.012217007,1.08E-60
3.16415,0.013527349,1.32E-60
3.164755,0.015202252,1.61E-60
3.16536,0.0179794,1.97E-60
3.165965,0.021638314,2.41E-60
3.16657,0.024872628,2.94E-60
3.167175,0.026460775,3.59E-60
3.16778,0.02658474,4.39E-60
3.168385,0.026642576,5.36E-60
3.16899,0.027770965,6.55E-60
3.169595,0.029901014,8.01E-60
3.1702,0.032209866,9.78E-60
3.170805,0.034079119,1.19E-59
3.17141,0.035469479,1.46E-59
3.172015,0.036629892,1.78E-59
3.17262,0.03774961,2.17E-59
3.173225,0.038910362,2.65E-59
3.17383,0.040151563,3.23E-59
3.174435,0.041410587,3.95E-59
3.17504,0.042448766,4.81E-59
3.175645,0.043026519,5.87E-59
3.17625,0.043237244,7.16E-59
3.176855,0.043542311,8.73E-59
3.17746,0.044385368,1.06E-58
3.178065,0.045841851,1.30E-58
3.17867,0.047645094,1.58E-58
3.179275,0.049425081,1.93E-58
3.17988,0.050882252,2.35E-58
3.180485,0.051861468,2.86E-58
3.18109,0.052429797,3.48E-58
3.181695,0.052924338,4.24E-58
3.1823,0.053791207,5.16E-58
3.182905,0.055196222,6.29E-58
3.18351,0.056750728,7.65E-58
3.184115,0.057790943,9.32E-58
3.18472,0.058079755,1.13E-57
3.185325,0.058112841,1.38E-57
3.18593,0.058583255,1.68E-57
3.186535,0.059669438,2.04E-57
3.18714,0.060992633,2.48E-57
3.187745,0.062145161,3.02E-57
3.18835,0.063061215,3.67E-57
3.188955,0.063883285,4.46E-57
3.18956,0.064663095,5.43E-57
3.190165,0.065328732,6.59E-57
3.19077,0.065864107,8.01E-57
3.191375,0.066350686,9.74E-57
3.19198,0.066797278,1.18E-56
3.192585,0.067064947,1.44E-56
3.19319,0.067064011,1.74E-56
3.193795,0.066937647,2.12E-56
3.1944,0.066957595,2.57E-56
3.195005,0.067312613,3.12E-56
3.19561,0.068029702,3.79E-56
3.196215,0.068977796,4.60E-56
3.19682,0.069897973,5.58E-56
3.197425,0.07053463,6.77E-56
3.19803,0.07083068,8.21E-56
3.198635,0.070986441,9.96E-56
3.19924,0.071266756,1.21E-55
3.199845,0.07170539,1.46E-55
3.20045,0.072006704,1.78E-55
3.201055,0.071817133,2.15E-55
3.20166,0.071158401,2.61E-55
3.202265,0.070509298,3.16E-55
3.20287,0.070352413,3.83E-55
3.203475,0.070705736,4.64E-55
3.20408,0.071179189,5.62E-55
3.204685,0.071402254,6.81E-55
3.20529,0.071304484,8.24E-55
3.205895,0.07104155,9.98E-55
3.2065,0.070779457,1.21E-54
3.207105,0.07059632,1.46E-54
3.20771,0.070493115,1.77E-54
3.208315,0.0703629,2.14E-54
3.20892,0.069956024,2.59E-54
3.209525,0.069033863,3.13E-54
3.21013,0.067667703,3.79E-54
3.210735,0.066312027,4.58E-54
3.21134,0.065470543,5.54E-54
3.211945,0.065312751,6.70E-54
3.21255,0.065641682,8.10E-54
3.213155,0.066121083,9.79E-54
3.21376,0.066463333,1.18E-53
3.214365,0.066517299,1.43E-53
3.21497,0.066318674,1.73E-53
3.215575,0.066052022,2.09E-53
3.21618,0.065875478,2.52E-53
3.216785,0.065739082,3.04E-53
3.21739,0.065387295,3.67E-53
3.217995,0.064572015,4.43E-53
3.2186,0.06331143,5.35E-53
3.219205,0.061951683,6.46E-53
3.21981,0.060916544,7.79E-53
3.220415,0.060366529,9.40E-53
3.22102,0.060136472,1.13E-52
3.221625,0.059981664,1.37E-52
3.22223,0.059782026,1.65E-52
3.222835,0.059484914,1.99E-52
3.22344,0.058988094,2.40E-52
3.224045,0.058229647,2.89E-52
3.22465,0.057361057,3.48E-52
3.225255,0.056639377,4.20E-52
3.22586,0.056035497,5.06E-52
3.226465,0.055083396,6.09E-52
3.22707,0.053342682,7.34E-52
3.227675,0.05102181,8.84E-52
3.22828,0.048944174,1.06E-51
3.228885,0.047805104,1.28E-51
3.22949,0.047565086,1.54E-51
3.230095,0.047608044,1.86E-51
3.2307,0.047362808,2.23E-51
3.231305,0.046701166,2.69E-51
3.23191,0.045848283,3.23E-51
3.232515,0.045065117,3.89E-51
3.23312,0.044455021,4.68E-51
3.233725,0.043968502,5.63E-51
3.23433,0.043450783,6.77E-51
3.234935,0.042670887,8.13E-51
3.23554,0.041440953,9.78E-51
3.236145,0.039814161,1.18E-50
3.23675,0.038123645,1.41E-50
3.237355,0.036750397,1.70E-50
3.23796,0.035854175,2.04E-50
3.238565,0.035319969,2.45E-50
3.23917,0.034882928,2.94E-50
3.239775,0.034271698,3.53E-50
3.24038,0.033312416,4.24E-50
3.240985,0.03200416,5.09E-50
3.24159,0.030536526,6.11E-50
3.242195,0.029162066,7.33E-50
3.2428,0.027922387,8.80E-50
3.243405,0.026481267,1.06E-49
3.24401,0.024385861,1.27E-49
3.244615,0.021632188,1.52E-49
3.24522,0.018874063,1.82E-49
3.245825,0.01688357,2.18E-49
3.24643,0.015834778,2.62E-49
3.247035,0.015251699,3.14E-49
3.24764,0.014579442,3.76E-49
3.248245,0.013634852,4.51E-49
3.24885,0.012538114,5.40E-49
3.249455,0.011403663,6.47E-49
3.25006,0.010217373,7.75E-49
3.250665,0.008961638,9.28E-49
3.25127,0.007716397,1.11E-48
3.251875,0.006549724,1.33E-48
3.25248,0.005357833,1.59E-48
3.253085,0.003930564,1.91E-48
3.25369,0.002204588,2.28E-48
3.254295,0.000374498,2.73E-48
3.2549,-0.001272605,3.27E-48
3.255505,-0.002586506,3.91E-48
3.25611,-0.003643411,4.67E-48
3.256715,-0.00468225,5.59E-48
3.25732,-0.005957661,6.68E-48
3.257925,-0.007600774,7.99E-48
3.25853,-0.009544732,9.55E-48
3.259135,-0.011526621,1.14E-47
3.25974,-0.013240233,1.36E-47
3.260345,-0.014656934,1.63E-47
3.26095,-0.016193601,1.95E-47
3.261555,-0.018350463,2.32E-47
3.26216,-0.021091296,2.78E-47
3.262765,-0.023761254,3.32E-47
3.26337,-0.025735774,3.96E-47
3.263975,-0.027000099,4.73E-47
3.26458,-0.027994417,5.64E-47
3.265185,-0.029072767,6.73E-47
3.26579,-0.030286151,8.03E-47
3.266395,-3.16E-02,9.58E-47
3.267,-0.033092368,1.14E-46
3.267605,-0.034749334,1.36E-46
3.26821,-0.036231479,1.63E-46
3.268815,-0.037079684,1.94E-46
3.26942,-0.037340539,2.31E-46
3.270025,-0.037782231,2.76E-46
3.27063,-0.039213416,3.28E-46
3.271235,-0.041628277,3.91E-46
3.27184,-0.044225973,4.66E-46
3.272445,-0.046188575,5.55E-46
3.27305,-0.047286069,6.62E-46
3.273655,-0.047899036,7.88E-46
3.27426,-0.048678991,9.38E-46
3.274865,-0.050123034,1.12E-45
3.27547,-0.052257092,1.33E-45
3.276075,-0.054577782,1.58E-45
3.27668,-0.056364174,1.88E-45
3.277285,-0.057281721,2.24E-45
3.27789,-0.057808497,2.67E-45
3.278495,-0.058930781,3.17E-45
3.2791,-0.061206337,3.77E-45
3.279705,-0.064155726,4.49E-45
3.28031,-0.066746909,5.34E-45
3.280915,-0.068393447,6.34E-45
3.28152,-0.06931345,7.54E-45
3.282125,-0.070086741,8.96E-45
3.28273,-0.071129408,1.07E-44
3.283335,-0.072584574,1.27E-44
3.28394,-0.074458156,1.50E-44
3.284545,-0.076536836,1.79E-44
3.28515,-0.07814433,2.12E-44
3.285755,-0.078438924,2.52E-44
3.28636,-0.077439183,2.99E-44
3.286965,-0.076595846,3.55E-44
3.28757,-0.077677956,4.21E-44
3.288175,-0.080905695,5.00E-44
3.28878,-0.084681339,5.93E-44
3.289385,-0.087266498,7.04E-44
3.28999,-0.088255757,8.35E-44
3.290595,-0.088425171,9.90E-44
3.2912,-0.088730455,1.17E-43
3.291805,-0.089700322,1.39E-43
3.29241,-0.091411236,1.65E-43
3.293015,-0.093501734,1.96E-43
3.29362,-0.095125711,2.32E-43
3.294225,-0.095385896,2.75E-43
3.29483,-0.09430189,3.26E-43
3.295435,-0.093251417,3.86E-43
3.29604,-0.093915427,4.57E-43
3.296645,-0.096589606,5.41E-43
3.29725,-0.099908521,6.41E-43
3.297855,-0.10231113,7.59E-43
3.29846,-0.103325656,8.98E-43
3.299065,-0.10342658,1.06E-42
3.29967,-0.103300481,1.26E-42
3.300275,-0.103572891,1.49E-42
3.30088,-0.104755909,1.76E-42
3.301485,-0.106750467,2.08E-42
3.30209,-0.108302585,2.47E-42
3.302695,-0.107626935,2.92E-42
3.3033,-0.104310111,3.45E-42
3.303905,-0.100544174,4.08E-42
3.30451,-0.099636433,4.82E-42
3.305115,-0.102801777,5.69E-42
3.30572,-0.107905105,6.73E-42
3.306325,-0.111703078,7.95E-42
3.30693,-0.11278481,9.39E-42
3.307535,-0.112074607,1.11E-41
3.30814,-0.111208332,1.31E-41
3.308745,-0.111102043,1.55E-41
3.30935,-0.111827737,1.83E-41
3.309955,-0.113012179,2.16E-41
3.31056,-0.113866015,2.55E-41
3.311165,-0.113284632,3.00E-41
3.31177,-0.110790975,3.54E-41
3.312375,-0.107584136,4.18E-41
3.31298,-0.105980183,4.93E-41
3.313585,-0.107248384,5.82E-41
3.31419,-0.110281648,6.86E-41
3.314795,-0.112768122,8.09E-41
3.3154,-0.11333267,9.54E-41
3.316005,-0.112248314,1.12E-40
3.31661,-0.110566879,1.33E-40
3.317215,-0.109172144,1.56E-40
3.31782,-0.108555011,1.84E-40
3.318425,-0.108773126,2.17E-40
3.31903,-0.109055738,2.55E-40
3.319635,-0.107730258,3.01E-40
3.32024,-0.103531329,3.54E-40
3.320845,-0.097561964,4.17E-40
3.32145,-0.093260604,4.91E-40
3.322055,-0.093362138,5.78E-40
3.32266,-0.09702764,6.80E-40
3.323265,-0.10075997,8.00E-40
3.32387,-0.101903316,9.41E-40
3.324475,-0.100497856,1.11E-39
3.32508,-0.098115736,1.30E-39
3.325685,-0.096032524,1.53E-39
3.32629,-0.094746481,1.80E-39
3.326895,-0.094295641,2.12E-39
3.3275,-0.094163041,2.49E-39
3.328105,-0.093123596,2.93E-39
3.32871,-0.090101787,3.44E-39
3.329315,-0.085590303,4.04E-39
3.32992,-0.081765553,4.75E-39
3.330525,-0.080595694,5.57E-39
3.33113,-0.081864248,6.55E-39
3.331735,-0.083461228,7.69E-39
3.33234,-0.083515354,9.03E-39
3.332945,-0.081805655,1.06E-38
3.33355,-0.079270718,1.24E-38
3.334155,-0.076834703,1.46E-38
3.33476,-0.074955212,1.71E-38
3.335365,-0.073797434,2.01E-38
3.33597,-0.073127825,2.36E-38
3.336575,-0.071888075,2.77E-38
3.33718,-0.068575412,3.24E-38
3.337785,-0.062902414,3.80E-38
3.33839,-0.057021098,4.46E-38
3.338995,-0.054131495,5.23E-38
3.3396,-0.055355625,6.12E-38
3.340205,-0.05851974,7.18E-38
3.34081,-0.060360087,8.41E-38
3.341415,-0.059417034,9.85E-38
3.34202,-0.05658878,1.15E-37
3.342625,-0.053591564,1.35E-37
3.34323,-0.051492532,1.58E-37
3.343835,-0.05041599,1.85E-37
3.34444,-0.049837461,2.17E-37
3.345045,-0.04880507,2.54E-37
3.34565,-0.046377753,2.97E-37
3.346255,-0.042507449,3.48E-37
3.34686,-0.038498897,4.07E-37
3.347465,-0.03606881,4.76E-37
3.34807,-0.035672286,5.57E-37
3.348675,-0.036060278,6.51E-37
3.34928,-0.035662893,7.61E-37
3.349885,-0.034012992,8.90E-37
3.35049,-0.031630056,1.04E-36
3.351095,-0.029041318,1.22E-36
3.3517,-0.026426067,1.42E-36
3.352305,-0.024030785,1.66E-36
3.35291,-0.022291314,1.94E-36
3.353515,-0.021139916,2.27E-36
3.35412,-0.019468898,2.65E-36
3.354725,-0.015983619,3.09E-36
3.35533,-0.010918358,3.61E-36
3.355935,-0.00641618,4.21E-36
3.35654,-0.004561273,4.92E-36
3.357145,-0.005182638,5.74E-36
3.35775,-0.006109404,6.69E-36
3.358355,-0.005411636,7.81E-36
3.35896,-0.002929048,9.11E-36
3.359565,0.000172092,1.06E-35
3.36017,0.002745095,1.24E-35
3.360775,0.004448997,1.45E-35
3.36138,0.005633472,1.68E-35
3.361985,0.006893809,1.96E-35
3.36259,0.008728461,2.29E-35
3.363195,0.011257527,2.67E-35
3.3638,0.014049057,3.11E-35
3.364405,0.016376977,3.62E-35
3.36501,0.017889195,4.22E-35
3.365615,0.018966658,4.91E-35
3.36622,2.03E-02,5.72E-35
3.366825,0.021964181,6.66E-35
3.36743,0.023916162,7.75E-35
3.368035,0.025972179,9.03E-35
3.36864,0.028184923,1.05E-34
3.369245,0.030481814,1.22E-34
3.36985,0.032490397,1.42E-34
3.370455,0.03387322,1.65E-34
3.37106,0.0348339,1.92E-34
3.371665,0.036106991,2.24E-34
3.37227,0.038222669,2.60E-34
3.372875,0.040758344,3.03E-34
3.37348,0.042592811,3.52E-34
3.374085,0.043094377,4.09E-34
3.37469,0.04284381,4.75E-34
3.375295,0.042988988,5.52E-34
3.3759,0.044086399,6.41E-34
3.376505,0.045765601,7.45E-34
3.37711,0.047362985,8.65E-34
3.377715,0.048609845,1.00E-33
3.37832,0.049664265,1.17E-33
3.378925,0.05071118,1.35E-33
3.37953,0.05174382,1.57E-33
3.380135,0.052665597,1.82E-33
3.38074,0.05342256,2.12E-33
3.381345,0.054004195,2.46E-33
3.38195,0.054422308,2.85E-33
3.382555,0.054759117,3.30E-33
3.38316,0.055169647,3.83E-33
3.383765,0.055767085,4.44E-33
3.38437,0.056561644,5.15E-33
3.384975,0.05754802,5.97E-33
3.38558,0.058751381,6.92E-33
3.386185,0.060100202,8.02E-33
3.38679,0.061321511,9.29E-33
3.387395,0.062104232,1.08E-32
3.388,0.062421211,1.25E-32
3.388605,0.062623204,1.44E-32
3.38921,0.063125221,1.67E-32
3.389815,0.063976613,1.94E-32
3.39042,0.064806623,2.24E-32
3.391025,0.065255932,2.60E-32
3.39163,0.065384517,3.00E-32
3.392235,0.065549705,3.48E-32
3.39284,0.065973839,4.02E-32
3.393445,0.066588592,4.65E-32
3.39405,0.067237858,5.38E-32
3.394655,0.067838256,6.22E-32
3.39526,0.068334578,7.19E-32
3.395865,0.068676192,8.32E-32
3.39647,0.068903889,9.62E-32
3.397075,0.069134675,1.11E-31
3.39768,0.069375463,1.28E-31
3.398285,0.069430253,1.48E-31
3.39889,0.069098163,1.71E-31
3.399495,0.068469086,1.98E-31
3.4001,0.067947007,2.29E-31
3.400705,0.067930149,2.64E-31
3.40131,0.068503571,3.05E-31
3.401915,0.069454062,3.52E-31
3.40252,0.070481282,4.06E-31
3.403125,0.071339732,4.69E-31
3.40373,0.071885545,5.41E-31
3.404335,0.072113437,6.24E-31
3.40494,0.072160046,7.20E-31
3.405545,0.072205624,8.31E-31
3.40615,0.072308087,9.58E-31
3.406755,0.072311463,1.10E-30
3.40736,0.07196765,1.27E-30
3.407965,0.071230994,1.47E-30
3.40857,0.070405633,1.69E-30
3.409175,0.069884428,1.95E-30
3.40978,0.069762486,2.25E-30
3.410385,0.069829759,2.59E-30
3.41099,0.06989002,2.98E-30
3.411595,0.06991221,3.43E-30
3.4122,0.069872886,3.96E-30
3.412805,0.069643103,4.55E-30
3.41341,0.069140443,5.24E-30
3.414015,0.068485057,6.03E-30
3.41462,0.067849641,6.95E-30
3.415225,0.067158052,7.99E-30
3.41583,0.066077433,9.20E-30
3.416435,0.064421265,1.06E-29
3.41704,0.0624995,1.22E-29
3.417645,0.060915493,1.40E-29
3.41825,0.060010684,1.61E-29
3.418855,0.059637946,1.85E-29
3.41946,0.059465825,2.13E-29
3.420065,0.059333115,2.44E-29
3.42067,0.0592507,2.81E-29
3.421275,0.059191634,3.23E-29
3.42188,0.059013847,3.71E-29
3.422485,0.05858892,4.26E-29
3.42309,0.057921352,4.89E-29
3.423695,0.057085658,5.62E-29
3.4243,0.056084018,6.45E-29
3.424905,0.054861028,7.40E-29
3.42551,0.053488857,8.50E-29
3.426115,0.052239601,9.75E-29
3.42672,0.051377684,1.12E-28
3.427325,0.050911626,1.28E-28
3.42793,0.050607365,1.47E-28
3.428535,0.050209909,1.69E-28
3.42914,0.049608177,1.94E-28
3.429745,0.048833123,2.22E-28
3.43035,0.047987372,2.55E-28
3.430955,0.047188998,2.92E-28
3.43156,0.046471492,3.35E-28
3.432165,0.045640147,3.84E-28
3.43277,0.044311055,4.40E-28
3.433375,0.042269185,5.04E-28
3.43398,0.039821152,5.77E-28
3.434585,0.037662663,6.61E-28
3.43519,0.036312074,7.57E-28
3.435795,0.03572634,8.66E-28
3.4364,0.035484231,9.92E-28
3.437005,0.035214482,1.14E-27
3.43761,0.034775769,1.30E-27
3.438215,0.034156424,1.49E-27
3.43882,0.033377022,1.70E-27
3.439425,0.032518391,1.95E-27
3.44003,0.031733936,2.23E-27
3.440635,0.031111332,2.55E-27
3.44124,0.030489783,2.91E-27
3.441845,0.029499195,3.33E-27
3.44245,0.027907276,3.80E-27
3.443055,0.025942838,4.35E-27
3.44366,0.024157792,4.97E-27
3.444265,0.022921966,5.68E-27
3.44487,0.022138096,6.49E-27
3.445475,0.021457475,7.41E-27
3.44608,0.02064342,8.46E-27
3.446685,0.01965526,9.66E-27
3.44729,0.018485135,1.10E-26
3.447895,0.017095299,1.26E-26
3.4485,0.015545047,1.44E-26
3.449105,0.013989896,1.64E-26
3.44971,0.012427618,1.87E-26
3.450315,0.010585449,2.14E-26
3.45092,0.008250077,2.44E-26
3.451525,0.005666651,2.78E-26
3.45213,0.003413309,3.17E-26
3.452735,0.001839812,3.62E-26
3.45334,0.000772435,4.12E-26
3.453945,-0.000208022,4.70E-26
3.45455,-0.001358974,5.36E-26
3.455155,-0.002702241,6.10E-26
3.45576,-0.004200937,6.95E-26
3.456365,-0.005834781,7.92E-26
3.45697,-0.007490933,9.02E-26
3.457575,-0.008930739,1.03E-25
3.45818,-0.010018509,1.17E-25
3.458785,-0.010996455,1.33E-25
3.45939,-0.012377939,1.52E-25
3.459995,-0.014425016,1.73E-25
3.4606,-0.016808606,1.97E-25
3.461205,-0.018912847,2.24E-25
3.46181,-0.020409338,2.54E-25
3.462415,-0.021467413,2.89E-25
3.46302,-0.022514574,3.29E-25
3.463625,-0.023884724,3.74E-25
3.46423,-0.025638999,4.26E-25
3.464835,-0.027597788,4.84E-25
3.46544,-0.029473784,5.50E-25
3.466045,-3.10E-02,6.26E-25
3.46665,-0.032345753,7.11E-25
3.467255,-0.033676507,8.08E-25
3.46786,-0.03537278,9.18E-25
3.468465,-0.037418228,1.04E-24
3.46907,-0.03940024,1.18E-24
3.469675,-0.040951348,1.34E-24
3.47028,-0.042141926,1.53E-24
3.470885,-0.043302406,1.73E-24
3.47149,-0.044563237,1.97E-24
3.472095,-0.045752645,2.23E-24
3.4727,-0.046755452,2.53E-24
3.473305,-0.04780273,2.87E-24
3.47391,-0.049207628,3.26E-24
3.474515,-0.050823391,3.70E-24
3.47512,-0.052044147,4.19E-24
3.475725,-0.05257448,4.76E-24
3.47633,-0.053034835,5.39E-24
3.476935,-0.054424915,6.11E-24
3.47754,-0.056966767,6.93E-24
3.478145,-0.059824522,7.85E-24
3.47875,-0.062019219,8.90E-24
3.479355,-0.06332903,1.01E-23
3.47996,-0.064267071,1.14E-23
3.480565,-0.065451941,1.29E-23
3.48117,-0.067132955,1.46E-23
3.481775,-0.06918152,1.66E-23
3.48238,-0.071263912,1.88E-23
3.482985,-0.072934163,2.13E-23
3.48359,-0.073851334,2.41E-23
3.484195,-0.074224216,2.72E-23
3.4848,-0.074930935,3.08E-23
3.485405,-0.076796587,3.48E-23
3.48601,-0.07966398,3.94E-23
3.486615,-0.082507797,4.46E-23
3.48722,-0.084518588,5.04E-23
3.487825,-0.085721846,5.70E-23
3.48843,-0.0865579,6.44E-23
3.489035,-0.087338243,7.28E-23
3.48964,-0.088288616,8.23E-23
3.490245,-0.089739184,9.30E-23
3.49085,-0.091771506,1.05E-22
3.491455,-0.093615238,1.19E-22
3.49206,-0.093925887,1.34E-22
3.492665,-0.092255511,1.51E-22
3.49327,-0.090167717,1.71E-22
3.493875,-0.090172635,1.93E-22
3.49448,-0.093204941,2.18E-22
3.495085,-0.097636229,2.46E-22
3.49569,-0.101029754,2.77E-22
3.496295,-0.102357521,3.13E-22
3.4969,-0.102332736,3.53E-22
3.497505,-0.102213929,3.98E-22
3.49811,-0.102763624,4.49E-22
3.498715,-0.104093914,5.06E-22
3.49932,-0.105853779,5.71E-22
3.499925,-0.107237782,6.43E-22
3.50053,-0.107235049,7.25E-22
3.501135,-0.105561172,8.17E-22
3.50174,-0.103460042,9.21E-22
3.502345,-0.102987324,1.04E-21
3.50295,-0.105030614,1.17E-21
3.503555,-0.108345866,1.32E-21
3.50416,-0.110883172,1.48E-21
3.504765,-0.111679938,1.67E-21
3.50537,-0.111195531,1.88E-21
3.505975,-0.110363616,2.12E-21
3.50658,-0.109894789,2.38E-21
3.507185,-0.110239936,2.68E-21
3.50779,-0.111431977,3.01E-21
3.508395,-0.112550372,3.39E-21
3.509,-0.111845513,3.81E-21
3.509605,-0.108324833,4.29E-21
3.51021,-0.103506508,4.82E-21
3.510815,-0.100824059,5.42E-21
3.51142,-0.102471048,6.10E-21
3.512025,-0.107111212,6.85E-21
3.51263,-0.111302239,7.70E-21
3.513235,-0.112820509,8.65E-21
3.51384,-0.112057284,9.72E-21
3.514445,-0.110679552,1.09E-20
3.51505,-0.109841834,1.23E-20
3.515655,-0.109756973,1.38E-20
3.51626,-0.110173573,1.55E-20
3.516865,-0.11053079,1.74E-20
3.51747,-0.109829248,1.95E-20
3.518075,-0.107227305,2.19E-20
3.51868,-0.103284789,2.45E-20
3.519285,-0.100158736,2.75E-20
3.51989,-0.099803821,3.09E-20
3.520495,-0.101987154,3.47E-20
3.5211,-0.104559287,3.89E-20
3.521705,-0.105536157,4.36E-20
3.52231,-0.104479291,4.89E-20
3.522915,-0.102189966,5.48E-20
3.52352,-0.099821127,6.14E-20
3.524125,-0.098329948,6.88E-20
3.52473,-0.098071461,7.71E-20
3.525335,-0.09830635,8.64E-20
3.52594,-0.097226189,9.68E-20
3.526545,-0.09323825,1.08E-19
3.52715,-0.086918008,1.21E-19
3.527755,-0.081439175,1.36E-19
3.52836,-0.08008375,1.52E-19
3.528965,-0.082983623,1.70E-19
3.52957,-0.086942852,1.91E-19
3.530175,-0.088639196,2.13E-19
3.53078,-0.087373729,2.39E-19
3.531385,-0.084686426,2.67E-19
3.53199,-0.082243992,2.99E-19
3.532595,-0.080667158,3.34E-19
3.5332,-0.079829562,3.73E-19
3.533805,-0.0793005,4.18E-19
3.53441,-0.078250968,4.67E-19
3.535015,-0.075670489,5.22E-19
3.53562,-0.071447448,5.83E-19
3.536225,-0.067113856,6.51E-19
3.53683,-0.064787696,7.28E-19
3.537435,-0.065086618,8.13E-19
3.53804,-0.066500359,9.08E-19
3.538645,-0.066983915,1.01E-18
3.53925,-0.065722299,1.13E-18
3.539855,-0.063245474,1.26E-18
3.54046,-0.060441503,1.41E-18
3.541065,-0.057897419,1.57E-18
3.54167,-0.055903645,1.76E-18
3.542275,-0.05445036,1.96E-18
3.54288,-0.05289024,2.19E-18
3.543485,-0.049980656,2.44E-18
3.54409,-0.045025539,2.72E-18
3.544695,-0.039236378,3.03E-18
3.5453,-0.035275935,3.38E-18
3.545905,-0.034757336,3.77E-18
3.54651,-0.036523563,4.20E-18
3.547115,-0.037923896,4.68E-18
3.54772,-0.03736419,5.22E-18
3.548325,-0.035137639,5.82E-18
3.54893,-0.032343033,6.48E-18
3.549535,-0.029786005,7.22E-18
3.55014,-0.027820877,8.04E-18
3.550745,-0.026497745,8.95E-18
3.55135,-0.025396674,9.96E-18
3.551955,-0.023613265,1.11E-17
3.55256,-0.020501364,1.23E-17
3.553165,-0.016587522,1.37E-17
3.55377,-0.013380145,1.53E-17
3.554375,-0.011938104,1.70E-17
3.55498,-0.011781649,1.89E-17
3.555585,-0.011482917,2.10E-17
3.55619,-0.010125801,2.34E-17
3.556795,-0.007896379,2.60E-17
3.5574,-0.005481945,2.89E-17
3.558005,-0.003320472,3.21E-17
3.55861,-0.001464936,3.57E-17
3.559215,0.000165099,3.97E-17
3.55982,0.00172958,4.41E-17
3.560425,0.003653936,4.90E-17
3.56103,0.006506269,5.44E-17
3.561635,0.01029557,6.04E-17
3.56224,0.013940113,6.71E-17
3.562845,0.015974472,7.44E-17
3.56345,0.01606977,8.26E-17
3.564055,0.015491778,9.17E-17
3.56466,0.015826091,1.02E-16
3.565265,0.017560799,1.13E-16
3.56587,0.020047969,1.25E-16
3.566475,0.022453018,1.39E-16
3.56708,0.024399406,1.54E-16
3.567685,0.025886925,1.71E-16
3.56829,0.027073119,1.89E-16
3.568895,0.02828441,2.10E-16
3.5695,0.029914762,2.33E-16
3.570105,0.03202454,2.58E-16
3.57071,0.034119961,2.86E-16
3.571315,0.035578857,3.17E-16
3.57192,0.036337376,3.51E-16
3.572525,0.036944742,3.89E-16
3.57313,0.037904323,4.30E-16
3.573735,0.039218474,4.77E-16
3.57434,0.040630172,5.28E-16
3.574945,0.04202322,5.84E-16
3.57555,0.04342965,6.46E-16
3.576155,0.044809656,7.15E-16
3.57676,0.046033173,7.91E-16
3.577365,0.047099245,8.76E-16
3.57797,0.048253966,9.68E-16
3.578575,0.049760331,1.07E-15
3.57918,0.051492325,1.18E-15
3.579785,0.052883846,1.31E-15
3.58039,0.053493896,1.45E-15
3.580995,0.053583072,1.60E-15
3.5816,0.05390567,1.77E-15
3.582205,0.054933805,1.95E-15
3.58281,0.05645999,2.16E-15
3.583415,0.057940206,2.38E-15
3.58402,0.05903875,2.63E-15
3.584625,0.059796873,2.91E-15
3.58523,0.060442491,3.21E-15
3.585835,0.061171395,3.55E-15
3.58644,0.062032498,3.91E-15
3.587045,0.062882016,4.32E-15
3.58765,0.063455129,4.77E-15
3.588255,0.063593588,5.26E-15
3.58886,0.063455733,5.80E-15
3.589465,0.06344578,6.40E-15
3.59007,0.063874357,7.06E-15
3.590675,0.064720696,7.78E-15
3.59128,0.065745096,8.58E-15
3.591885,0.066729168,9.46E-15
3.59249,0.067548759,1.04E-14
3.593095,0.06813215,1.15E-14
3.5937,0.068478659,1.27E-14
3.594305,0.068717475,1.40E-14
3.59491,0.069069383,1.54E-14
3.595515,0.069662669,1.69E-14
3.59612,0.070330386,1.86E-14
3.596725,0.070650896,2.05E-14
3.59733,0.070348744,2.26E-14
3.597935,0.069685911,2.49E-14
3.59854,0.069298851,2.74E-14
3.599145,0.06958512,3.01E-14
3.59975,0.070355205,3.32E-14
3.600355,0.071091798,3.65E-14
3.60096,0.071423286,4.01E-14
3.601565,0.071325337,4.41E-14
3.60217,0.071008037,4.85E-14
3.602775,0.070744138,5.33E-14
3.60338,0.07075155,5.86E-14
3.603985,0.071030811,6.45E-14
3.60459,0.071224829,7.08E-14
3.605195,0.070810124,7.78E-14
3.6058,0.069635574,8.55E-14
3.606405,0.068236369,9.39E-14
3.60701,0.067425092,1.03E-13
3.607615,0.067543453,1.13E-13
3.60822,0.068231312,1.24E-13
3.608825,0.068899366,1.37E-13
3.60943,0.069263194,1.50E-13
3.610035,0.069391906,1.65E-13
3.61064,0.069417098,1.81E-13
3.611245,0.069363282,1.98E-13
3.61185,0.069229137,2.17E-13
3.612455,0.069070793,2.38E-13
3.61306,0.068910612,2.62E-13
3.613665,0.068615741,2.87E-13
3.61427,0.067990034,3.14E-13
3.614875,0.067030872,3.45E-13
3.61548,0.066014874,3.78E-13
3.616085,0.065273806,4.14E-13
3.61669,0.064921078,4.54E-13
3.617295,0.064799669,4.97E-13
3.6179,0.064634069,5.45E-13
3.618505,0.064213934,5.96E-13
3.61911,0.063500048,6.53E-13
3.619715,0.062638326,7.15E-13
3.62032,0.061860823,7.83E-13
3.620925,0.061256483,8.57E-13
3.62153,0.06057189,9.38E-13
3.622135,0.059334803,1.03E-12
3.62274,0.057318009,1.12E-12
3.623345,0.054884238,1.23E-12
3.62395,0.052762009,1.34E-12
3.624555,0.05144962,1.47E-12
3.62516,0.050898823,1.61E-12
3.625765,0.050731482,1.76E-12
3.62637,0.050603684,1.92E-12
3.626975,0.050336591,2.10E-12
3.62758,0.049861215,2.30E-12
3.628185,0.049180578,2.51E-12
3.62879,0.048386242,2.74E-12
3.629395,0.047628377,2.99E-12
3.63,0.04698237,3.27E-12
3.630605,0.046309055,3.57E-12
3.63121,0.045311982,3.90E-12
3.631815,0.043850372,4.26E-12
3.63242,0.042196131,4.65E-12
3.633025,0.040857109,5.07E-12
3.63363,0.040112674,5.53E-12
3.634235,0.039794371,6.04E-12
3.63484,0.039496026,6.59E-12
3.635445,0.0389079,7.19E-12
3.63605,0.037971942,7.84E-12
3.636655,0.036830687,8.55E-12
3.63726,0.035700009,9.32E-12
3.637865,0.034743848,1.02E-11
3.63847,0.033936816,1.11E-11
3.639075,0.032985766,1.21E-11
3.63968,0.031493571,1.31E-11
3.640285,0.029346755,1.43E-11
3.64089,0.026939509,1.56E-11
3.641495,0.024912407,1.70E-11
3.6421,0.023658268,1.85E-11
3.642705,0.023111593,2.02E-11
3.64331,0.022910407,2.19E-11
3.643915,0.022637858,2.39E-11
3.64452,0.021981939,2.60E-11
3.645125,0.020855667,2.83E-11
3.64573,0.019467727,3.08E-11
3.646335,0.018216769,3.35E-11
3.64694,0.017371427,3.64E-11
3.647545,0.016770966,3.96E-11
3.64815,0.015892129,4.31E-11
3.648755,0.014324247,4.68E-11
3.64936,0.012209679,5.09E-11
3.649965,0.010141314,5.54E-11
3.65057,0.008607395,6.02E-11
3.651175,0.007605363,6.54E-11
3.65178,0.006767702,7.10E-11
3.652385,0.00573652,7.72E-11
3.65299,0.004382942,8.38E-11
3.653595,0.002746433,9.10E-11
3.6542,0.000888494,9.88E-11
3.654805,-0.00109589,1.07E-10
3.65541,-0.002997935,1.16E-10
3.656015,-0.004638039,1.26E-10
3.65662,-0.006149226,1.37E-10
3.657225,-0.007937663,1.49E-10
3.65783,-0.010222634,1.61E-10
3.658435,-0.012720435,1.75E-10
3.65904,-0.01490411,1.90E-10
3.659645,-0.016485366,2.06E-10
3.66025,-0.017569247,2.23E-10
3.660855,-0.018482005,2.42E-10
3.66146,-0.019562897,2.62E-10
3.662065,-0.021023919,2.84E-10
3.66267,-0.022861549,3.08E-10
3.663275,-0.024843162,3.34E-10
3.66388,-0.02660538,3.62E-10
3.664485,-0.027881628,3.92E-10
3.66509,-0.028774424,4.24E-10
3.665695,-0.029791017,4.59E-10
3.6663,-0.031426199,4.97E-10
3.666905,-0.033638049,5.39E-10
3.66751,-0.035866351,5.83E-10
3.668115,-0.037590321,6.31E-10
3.66872,-0.038743016,6.82E-10
3.669325,-0.039625399,7.38E-10
3.66993,-0.040605674,7.99E-10
3.670535,-0.041940178,8.64E-10
3.67114,-0.043724948,9.34E-10
3.671745,-0.045823525,1.01E-09
3.67235,-0.047814588,1.09E-09
3.672955,-0.049230215,1.18E-09
3.67356,-0.050076205,1.28E-09
3.674165,-0.05104506,1.38E-09
3.67477,-0.052910074,1.49E-09
3.675375,-0.055630653,1.61E-09
3.67598,-0.05831736,1.74E-09
3.676585,-0.060157049,1.88E-09
3.67719,-0.061124589,2.03E-09
3.677795,-0.061760419,2.19E-09
3.6784,-0.062558694,2.36E-09
3.679005,-0.063723408,2.55E-09
3.67961,-0.065287812,2.75E-09
3.680215,-0.06710604,2.97E-09
3.68082,-0.068655556,3.20E-09
3.681425,-0.069216785,3.45E-09
3.68203,-0.068674069,3.72E-09
3.682635,-0.068105225,4.02E-09
3.68324,-0.069074328,4.33E-09
3.683845,-0.072048435,4.67E-09
3.68445,-0.075833188,5.03E-09
3.685055,-0.078796565,5.42E-09
3.68566,-0.080329741,5.84E-09
3.686265,-0.080987768,6.30E-09
3.68687,-0.081631561,6.78E-09
3.687475,-0.082752537,7.31E-09
3.68808,-0.084417735,7.87E-09
3.688685,-0.086383541,8.47E-09
3.68929,-0.088068791,9.12E-09
3.689895,-0.088783552,9.82E-09
3.6905,-0.088440913,1.06E-08
3.691105,-0.088017294,1.14E-08
3.69171,-0.088887041,1.22E-08
3.692315,-0.091474545,1.32E-08
3.69292,-0.094806349,1.42E-08
3.693525,-0.097534746,1.52E-08
3.69413,-0.099087658,1.64E-08
3.694735,-0.099720392,1.76E-08
3.69534,-0.099912868,1.89E-08
3.695945,-0.100089573,2.03E-08
3.69655,-0.100722724,2.19E-08
3.697155,-0.102132184,2.35E-08
3.69776,-0.103804944,2.52E-08
3.698365,-0.104247121,2.71E-08
3.69897,-0.102337071,2.91E-08
3.699575,-0.099147768,3.13E-08
3.70018,-0.097688981,3.36E-08
3.700785,-0.100025401,3.61E-08
3.70139,-0.104971163,3.87E-08
3.701995,-0.109320253,4.16E-08
3.7026,-0.111036349,4.46E-08
3.703205,-0.110640516,4.79E-08
3.70381,-0.10987866,5.13E-08
3.704415,-0.109885564,5.51E-08
3.70502,-0.110728686,5.91E-08
3.705625,-0.111952935,6.33E-08
3.70623,-0.112888104,6.79E-08
3.706835,-0.112683865,7.28E-08
3.70744,-0.110869212,7.80E-08
3.708045,-0.108216218,8.36E-08
3.70865,-0.106576199,8.96E-08
3.709255,-0.107300628,9.60E-08
3.70986,-0.109908532,1.03E-07
3.710465,-0.112621419,1.10E-07
3.71107,-0.113979998,1.18E-07
3.711675,-0.113660792,1.26E-07
3.71228,-0.112176142,1.35E-07
3.712885,-0.110433229,1.45E-07
3.71349,-0.109485942,1.55E-07
3.714095,-0.109946366,1.66E-07
3.7147,-0.111074799,1.77E-07
3.715305,-0.110742729,1.90E-07
3.71591,-0.107173933,2.03E-07
3.716515,-0.101222345,2.17E-07
3.71712,-0.096432099,2.32E-07
3.717725,-0.095982228,2.48E-07
3.71833,-0.099533278,2.65E-07
3.718935,-0.103670593,2.84E-07
3.71954,-0.105351605,3.03E-07
3.720145,-0.104290928,3.24E-07
3.72075,-0.102162125,3.46E-07
3.721355,-0.10043773,3.70E-07
3.72196,-0.099460946,3.95E-07
3.722565,-0.099007873,4.22E-07
3.72317,-0.098778568,4.51E-07
3.723775,-0.098117014,4.81E-07
3.72438,-0.096057264,5.14E-07
3.724985,-0.092451543,5.48E-07
3.72559,-0.088818665,5.85E-07
3.726195,-0.087242085,6.24E-07
3.7268,-0.088262126,6.66E-07
3.727405,-0.090371168,7.10E-07
3.72801,-0.091585805,7.58E-07
3.728615,-0.090990553,8.08E-07
3.72922,-0.088894928,8.61E-07
3.729825,-0.086252957,9.18E-07
3.73043,-0.084126188,9.79E-07
3.731035,-0.083151694,1.04E-06
3.73164,-0.082986396,1.11E-06
3.732245,-0.082197253,1.18E-06
3.73285,-0.07912806,1.26E-06
3.733455,-0.073554295,1.34E-06
3.73406,-0.067670516,1.43E-06
3.734665,-0.064697435,1.52E-06
3.73527,-0.065814199,1.62E-06
3.735875,-0.068864946,1.73E-06
3.73648,-0.070630782,1.84E-06
3.737085,-0.069867103,1.96E-06
3.73769,-0.067608975,2.08E-06
3.738295,-0.065237458,2.21E-06
3.7389,-0.063238223,2.36E-06
3.739505,-0.061638645,2.51E-06
3.74011,-0.060531122,2.66E-06
3.740715,-0.059598912,2.83E-06
3.74132,-0.057779879,3.01E-06
3.741925,-0.054279701,3.20E-06
3.74253,-0.049885149,3.40E-06
3.743135,-0.046593591,3.62E-06
3.74374,-0.045652147,3.84E-06
3.744345,-0.04631779,4.08E-06
3.74495,-0.046738238,4.33E-06
3.745555,-0.045662834,4.60E-06
3.74616,-0.043128689,4.89E-06
3.746765,-0.039974368,5.19E-06
3.74737,-0.037096438,5.51E-06
3.747975,-0.035013711,5.85E-06
3.74858,-0.033703627,6.20E-06
3.749185,-0.032508185,6.58E-06
3.74979,-0.030270033,6.99E-06
3.750395,-0.026128407,7.41E-06
3.751,-0.02067743,7.86E-06
3.751605,-0.016068331,8.33E-06
3.75221,-0.014237749,8.84E-06
3.752815,-0.014935478,9.37E-06
3.75342,-0.016002027,9.93E-06
3.754025,-0.01555648,1.05E-05
3.75463,-0.013427044,1.12E-05
3.755235,-0.010594227,1.18E-05
3.75584,-0.007934674,1.25E-05
3.756445,-0.005757909,1.33E-05
3.75705,-0.00408955,1.40E-05
3.757655,-0.002799648,1.49E-05
3.75826,-0.001408627,1.57E-05
3.758865,0.000738112,1.67E-05
3.75947,0.003739165,1.76E-05
3.760075,0.006744514,1.87E-05
3.76068,0.008673909,1.97E-05
3.761285,0.009365378,2.09E-05
3.76189,0.009724104,2.21E-05
3.762495,0.010720733,2.34E-05
3.7631,0.012544271,2.47E-05
3.763705,0.014757782,2.61E-05
3.76431,0.016943462,2.76E-05
3.764915,0.018973745,2.92E-05
3.76552,0.020792137,3.09E-05
3.766125,0.022274929,3.26E-05
3.76673,0.023499594,3.45E-05
3.767335,0.024967493,3.64E-05
3.76794,0.027197027,3.85E-05
3.768545,0.029967201,4.06E-05
3.76915,0.03226244,4.29E-05
3.769755,0.03327575,4.53E-05
3.77036,0.033298888,4.78E-05
3.770965,0.033357496,5.05E-05
3.77157,0.034152909,5.32E-05
3.772175,0.035601617,5.62E-05
3.77278,0.037217361,5.93E-05
3.773385,0.038628755,6.25E-05
3.77399,0.039720213,6.59E-05
3.774595,0.040525908,6.95E-05
3.7752,0.041190191,7.33E-05
3.775805,0.041968261,7.73E-05
3.77641,0.043054424,8.15E-05
3.777015,0.044328689,8.59E-05
3.77762,0.045393665,9.05E-05
3.778225,0.045985012,9.53E-05
3.77883,0.046285078,0.0001
3.779435,0.046729932,0.000106
3.78004,0.047577429,0.000111
3.780645,0.04875233,0.000117
3.78125,0.050032157,0.000124
3.781855,0.051271825,0.00013
3.78246,0.052445875,0.000137
3.783065,0.053552817,0.000144
3.78367,0.054580999,0.000152
3.784275,0.055595975,0.000159
3.78488,0.056745104,0.000168
3.785485,0.058026292,0.000176
3.78609,0.059093713,0.000186
3.786695,0.059525412,0.000195
3.7873,0.059362804,0.000205
3.787905,0.05918963,0.000216
3.78851,0.059574627,0.000227
3.789115,0.060559441,0.000238
3.78972,0.06172996,0.00025
3.790325,0.06266202,0.000263
3.79093,0.063238673,0.000276
3.791535,0.063622204,0.00029
3.79214,0.06403462,0.000304
3.792745,0.064568911,0.00032
3.79335,0.065101617,0.000335
3.793955,0.065329247,0.000352
3.79456,0.0649906,0.00037
3.795165,0.0641857,0.000388
3.79577,0.063423089,0.000407
3.796375,0.063182094,0.000427
3.79698,0.063451445,0.000448
3.797585,0.063858855,0.000469
3.79819,0.064182915,0.000492
3.798795,0.064512253,0.000516
3.7994,0.064919595,0.000541
3.800005,0.065230005,0.000567
3.80061,0.06523614,0.000594
3.801215,0.065009355,0.000622
3.80182,0.064827303,0.000652
3.802425,0.064788969,0.000683
3.80303,0.064624933,0.000715
3.803635,0.064005701,0.000749
3.80424,0.063015495,0.000784
3.804845,0.062158333,0.000821
3.80545,0.061830621,0.000859
3.806055,0.061912294,0.000899
3.80666,0.061943911,0.000941
3.807265,0.061608833,0.000984
3.80787,0.060966691,0.00103
3.808475,0.060273798,0.001077
3.80908,0.059693757,0.001126
3.809685,0.059205687,0.001177
3.81029,0.058662827,0.001231
3.810895,0.057833467,0.001287
3.8115,0.056477236,0.001345
3.812105,0.054562406,0.001405
3.81271,0.052437714,0.001468
3.813315,0.050651025,0.001534
3.81392,0.049522098,0.001602
3.814525,0.048949663,0.001673
3.81513,0.048620664,0.001747
3.815735,0.048289235,0.001824
3.81634,0.047837483,0.001904
3.816945,0.047196963,0.001988
3.81755,0.046340502,0.002074
3.818155,0.045353666,0.002164
3.81876,0.044393698,0.002258
3.819365,0.043473641,0.002356
3.81997,0.042326575,0.002457
3.820575,0.040631491,0.002562
3.82118,0.038451882,0.002671
3.821785,0.03633799,0.002785
3.82239,0.034848455,0.002903
3.822995,0.034010344,0.003026
3.8236,0.033357256,0.003153
3.824205,0.032440122,0.003285
3.82481,0.031175328,0.003422
3.825415,0.029730435,0.003565
3.82602,0.028239992,0.003713
3.826625,0.026722198,0.003866
3.82723,0.025169196,0.004025
3.827835,0.02353806,0.00419
3.82844,0.021632461,0.004361
3.829045,0.019186353,0.004539
3.82965,0.016218441,0.004723
3.830255,0.013213009,0.004913
3.83086,0.010784227,0.005111
3.831465,0.009164645,0.005316
3.83207,0.008088503,0.005528
3.832675,0.00709981,0.005748
3.83328,0.005878456,0.005976
3.833885,0.004350427,0.006212
3.83449,0.002647206,0.006456
3.835095,0.001000458,0.006709
3.8357,-0.000423751,0.006971
3.836305,-0.001704551,0.007242
3.83691,-0.003200569,0.007522
3.837515,-0.005306593,0.007812
3.83812,-0.008065648,0.008112
3.838725,-0.011035721,0.008422
3.83933,-0.013636387,0.008743
3.839935,-0.015629747,0.009075
3.84054,-0.017199124,0.009418
3.841145,-0.018633722,0.009773
3.84175,-0.02009508,0.010139
3.842355,-0.021675169,0.010518
3.84296,-0.023491313,0.010909
3.843565,-0.025595214,0.011313
3.84417,-0.027852456,0.01173
3.844775,-0.030066171,0.012161
3.84538,-0.032269273,0.012605
3.845985,-0.034784871,0.013065
3.84659,-0.037873877,0.013538
3.847195,-0.041336754,0.014027
3.8478,-0.044574799,0.014532
3.848405,-0.047079248,0.015052
3.84901,-0.048818322,0.015589
3.849615,-0.050188431,0.016143
3.85022,-0.05167492,0.016714
3.850825,-0.053532655,0.017302
3.85143,-0.055694064,0.017909
3.852035,-0.057920112,0.018534
3.85264,-0.060034841,0.019178
3.853245,-0.062068293,0.019841
3.85385,-0.064234343,0.020525
3.854455,-0.066761378,0.021228
3.85506,-0.069671014,0.021953
3.855665,-0.072689693,0.022699
3.85627,-0.075443587,0.023467
3.856875,-0.077780056,0.024258
3.85748,-0.079841949,0.025071
3.858085,-0.081838392,0.025908
3.85869,-0.08385922,0.026769
3.859295,-0.085940552,0.027655
3.8599,-0.088189495,0.028566
3.860505,-0.090708909,0.029502
3.86111,-0.093392681,0.030464
3.861715,-0.095943367,0.031453
3.86232,-9.82E-02,3.25E-02
3.862925,-0.100551004,0.033515
3.86353,-0.103402893,0.034588
3.864135,-0.106852707,0.03569
3.86474,-0.110320135,0.036822
3.865345,-0.113051158,0.037984
3.86595,-0.114789343,0.039177
3.866555,-0.115930976,0.040401
3.86716,-0.117093375,0.041658
3.867765,-0.118604795,0.042948
3.86837,-0.120364103,0.044271
3.868975,-0.122072793,0.045628
3.86958,-0.123527391,0.04702
3.870185,-0.124734307,0.048447
3.87079,-0.125862705,0.04991
3.871395,-0.127145188,0.051409
3.872,-0.128753293,0.052946
3.872605,-0.130647753,0.054521
3.87321,-0.13253914,0.056135
3.873815,-0.134104213,0.057788
3.87442,-0.135269894,0.05948
3.875025,-0.136208135,0.061213
3.87563,-0.13708346,0.062988
3.876235,-0.137931255,0.064804
3.87684,-0.138773115,0.066663
3.877445,-0.139693612,0.068566
3.87805,-0.140704204,0.070512
3.878655,-0.141626561,0.072503
3.87926,-0.142303533,0.074539
3.879865,-0.142958561,0.076621
3.88047,-0.144136549,0.078749
3.881075,-0.146088778,0.080925
3.88168,-0.148281959,0.083149
3.882285,-0.14973699,0.085421
3.88289,-0.149914336,0.087742
3.883495,-0.149161369,0.090114
3.8841,-0.148284993,0.092535
3.884705,-0.147792033,0.095008
3.88531,-0.147566374,0.097533
3.885915,-0.147184421,0.10011
3.88652,-0.146416857,0.10274
3.887125,-0.14538477,0.105423
3.88773,-0.144339563,0.108161
3.888335,-0.143447082,0.110954
3.88894,-0.142808148,0.113802
3.889545,-0.142524095,0.116706
3.89015,-0.142567897,0.119666
3.890755,-0.142634233,0.122684
3.89136,-0.142276611,0.125759
3.891965,-0.141235754,0.128892
3.89257,-0.139624472,0.132084
3.893175,-0.137840606,0.135335
3.89378,-0.1363022,0.138646
3.894385,-0.135165499,0.142017
3.89499,-0.134197093,0.145448
3.895595,-0.132932208,0.148941
3.8962,-0.131093257,0.152495
3.896805,-0.128961359,0.156111
3.89741,-0.127266223,0.159789
3.898015,-0.126524487,0.163529
3.89862,-0.126417006,0.167333
3.899225,-0.12595463,0.1712
3.89983,-0.124355958,0.175131
3.900435,-0.121665999,0.179125
3.90104,-0.118488818,0.183184
3.901645,-0.115308137,0.187307
3.90225,-0.112185884,0.191495
3.902855,-0.108963513,0.195748
3.90346,-0.105518253,0.200066
3.904065,-0.101796383,0.204449
3.90467,-0.09781052,0.208897
3.905275,-0.093784894,0.213411
3.90588,-0.090213685,0.21799
3.906485,-0.087516291,0.222635
3.90709,-0.085512764,0.227345
3.907695,-0.083380759,0.232121
3.9083,-0.080312449,0.236963
3.908905,-0.076217627,0.241869
3.90951,-0.071689516,0.246842
3.910115,-0.067280399,0.251879
3.91072,-0.06294813,0.256982
3.911325,-0.058318135,0.262149
3.91193,-0.053321926,0.267381
3.912535,-0.048285682,0.272677
3.91314,-0.043463073,0.278037
3.913745,-0.03892523,0.283461
3.91435,-0.035026073,0.288949
3.914955,-0.032408647,0.294499
3.91556,-0.031039708,0.300112
3.916165,-0.029555004,0.305787
3.91677,-0.026190975,0.311523
3.917375,-0.020357822,0.317321
3.91798,-0.012931381,0.323179
3.918585,-0.005165517,0.329096
3.91919,0.002218608,0.335073
3.919795,0.008984332,0.341108
3.9204,0.015031848,0.347201
3.921005,0.020449251,0.353351
3.92161,0.025734042,0.359557
3.922215,0.031490825,0.365818
3.92282,0.037652043,0.372133
3.923425,0.043312309,0.378502
3.92403,0.047714096,0.384923
3.924635,0.051207842,0.391396
3.92524,0.054933244,0.397919
3.925845,0.059753765,0.404492
3.92645,0.065731159,0.411112
3.927055,0.072367714,0.41778
3.92766,0.079014294,0.424493
3.928265,0.085098251,0.431251
3.92887,0.090298081,0.438052
3.929475,0.094807581,0.444895
3.93008,0.099377927,0.451778
3.930685,0.104665873,0.458701
3.93129,0.110277776,0.465661
3.931895,0.114760264,0.472657
3.9325,0.116978519,0.479688
3.933105,0.117516449,0.486752
3.93371,0.118428626,0.493848
3.934315,0.12149286,0.500973
3.93492,0.126805746,0.508127
3.935525,0.133078094,0.515306
3.93613,0.13902944,0.522511
3.936735,0.144294365,0.529738
3.93734,0.149209789,0.536987
3.937945,0.154159396,0.544255
3.93855,0.159237644,0.55154
3.939155,0.164254349,0.55884
3.93976,0.168754517,0.566154
3.940365,0.172103438,0.57348
3.94097,0.17392038,0.580814
3.941575,0.174648114,0.588157
3.94218,0.175572064,0.595504
3.942785,0.178001907,0.602855
3.94339,0.182291068,0.610207
3.943995,0.187701493,0.617557
3.9446,0.193178494,0.624905
3.945205,0.198116088,0.632247
3.94581,0.202503617,0.639581
3.946415,0.206671346,0.646905
3.94702,0.211000938,0.654217
3.947625,0.21560323,0.661515
3.94823,0.219919869,0.668795
3.948835,0.22274651,0.676057
3.94944,0.223171544,0.683296
3.950045,0.22169382,0.690512
3.95065,0.220155209,0.697702
3.951255,0.22039883,0.704863
3.95186,0.222989038,0.711993
3.952465,0.227128257,0.719089
3.95307,0.231588327,0.726149
3.953675,0.235586907,0.733171
3.95428,0.238990345,0.740152
3.954885,0.242168299,0.74709
3.95549,0.245742641,0.753981
3.956095,0.249933663,0.760825
3.9567,0.253817353,0.767618
3.957305,0.25564129,0.774358
3.95791,0.254382304,0.781042
3.958515,0.25096,0.787669
3.95912,0.24767046,0.794235
3.959725,0.246433897,0.800737
3.96033,0.247610627,0.807175
3.960935,0.25020008,0.813545
3.96154,0.252850731,0.819844
3.962145,0.254764692,0.826071
3.96275,0.255975757,0.832223
3.963355,0.257003672,0.838298
3.96396,0.258269682,0.844293
3.964565,0.259667382,0.850205
3.96517,0.260466415,0.856034
3.965775,0.259606697,0.861776
3.96638,0.256351525,0.867428
3.966985,0.250988317,0.87299
3.96759,0.244984522,0.878458
3.968195,0.240260487,0.883831
3.9688,0.238016072,0.889106
3.969405,0.238036847,0.894281
3.97001,0.239048432,0.899354
3.970615,0.239781862,0.904322
3.97122,0.239811621,0.909185
3.971825,0.239570405,0.91394
3.97243,0.239761836,0.918584
3.973035,0.240668924,0.923116
3.97364,0.241671299,0.927535
3.974245,0.241378735,0.931837
3.97485,0.238682189,0.936023
3.975455,0.233926842,0.940088
3.97606,0.228732598,0.944033
3.976665,0.224532012,0.947855
3.97727,0.221735929,0.951553
3.977875,0.220342629,0.955124
3.97848,0.220447619,0.958569
3.979085,0.221632162,0.961884
3.97969,0.222590772,0.965069
3.980295,0.222210801,0.968122
3.9809,0.220829956,0.971043
3.981505,0.219796226,0.973829
3.98211,0.219704114,0.976479
3.982715,0.219391709,0.978993
3.98332,0.216861993,0.981369
3.983925,0.211245447,0.983607
3.98453,0.203885984,0.985705
3.985135,0.197362851,0.987662
3.98574,0.193284106,0.989477
3.986345,0.19115631,0.991151
3.98695,0.189497011,0.992681
3.987555,0.187611012,0.994067
3.98816,0.185848748,0.995309
3.988765,0.184523738,0.996407
3.98937,0.183293272,0.997359
3.989975,0.181637662,0.998165
3.99058,0.179436204,0.998825
3.991185,0.176768339,0.999339
3.99179,0.173335819,0.999706
3.992395,0.168498676,0.999927
3.993,0.162097379,1
3.993605,0.155095755,0.999927
3.99421,0.149118124,0.999706
3.994815,0.145176912,0.999339
3.99542,0.14288611,0.998825
3.996025,0.140949448,0.998165
3.99663,0.13828595,0.997359
3.997235,0.134679767,0.996407
3.99784,0.130641579,0.995309
3.998445,0.126873089,0.994067
3.99905,0.123709656,0.992681
3.999655,0.120758824,0.991151
4.00026,0.11701917,0.989477
4.000865,0.111609734,0.987662
4.00147,0.104613114,0.985705
4.002075,0.097193074,0.983607
4.00268,0.090763371,0.981369
4.003285,0.085984456,0.978993
4.00389,0.082545908,0.976479
4.004495,0.079748794,0.973829
4.0051,0.077064725,0.971043
4.005705,0.074203422,0.968122
4.00631,0.071008087,0.965069
4.006915,0.067527148,0.961884
4.00752,0.064084857,0.958569
4.008125,0.061008918,0.955124
4.00873,0.058155856,0.951553
4.009335,0.054849213,0.947855
4.00994,0.050509959,0.944033
4.010545,0.0453544,0.940088
4.01115,0.040287821,0.936023
4.011755,0.036074269,0.931837
4.01236,0.032781719,0.927535
4.012965,0.030033697,0.923116
4.01357,0.027504411,0.918584
4.014175,0.024997329,0.91394
4.01478,0.022246736,0.909185
4.015385,0.018983836,0.904322
4.01599,0.015298325,0.899354
4.016595,0.011691083,0.894281
4.0172,0.008521496,0.889106
4.017805,0.005483769,0.883831
4.01841,0.001870147,0.878458
4.019015,-0.002604768,0.87299
4.01962,-0.007429477,0.867428
4.020225,-0.011827697,0.861776
4.02083,-0.015437663,0.856034
4.021435,-0.018314852,0.850205
4.02204,-0.020559713,0.844293
4.022645,-0.022298159,0.838298
4.02325,-0.023965007,0.832223
4.023855,-0.026209905,0.826071
4.02446,-0.029145711,0.819844
4.025065,-0.03172082,0.813545
4.02567,-0.032418983,0.807175
4.026275,-0.031150113,0.800737
4.02688,-0.030176507,0.794235
4.027485,-0.032294435,0.787669
4.02809,-0.037930641,0.781042
4.028695,-0.044729446,0.774358
4.0293,-0.050098855,0.767618
4.029905,-0.053432168,0.760825
4.03051,-0.05578122,0.753981
4.031115,-0.058323627,0.74709
4.03172,-0.061786821,0.740152
4.032325,-0.066768398,0.733171
4.03293,-0.073422876,0.726149
4.033535,-0.080537334,0.719089
4.03414,-0.08601586,0.711993
4.034745,-0.089384853,0.704863
4.03535,-0.093400842,0.697702
4.035955,-0.101808062,0.690512
4.03656,-0.115262468,0.683296
4.037165,-0.130576686,0.676057
4.03777,-0.144214059,0.668795
4.038375,-0.155391709,0.661515
4.03898,-0.165538992,0.654217
4.039585,-0.176067814,0.646905
4.04019,-0.187471518,0.639581
4.040795,-0.199675235,0.632247
4.0414,-0.211989809,0.624905
4.042005,-0.222830159,0.617557
4.04261,-0.230784418,0.610207
4.043215,-0.236839977,0.602855
4.04382,-0.245125415,0.595504
4.044425,-0.260268455,0.588157
4.04503,-0.283226925,0.580814
4.045635,-0.309946549,0.57348
4.04624,-0.334568385,0.566154
4.046845,-0.353721427,0.55884
4.04745,-0.36770874,0.55154
4.048055,-0.37877214,0.544255
4.04866,-0.389283203,0.536987
4.049265,-0.40086209,0.529738
4.04987,-0.413424597,0.522511
4.050475,-0.424257731,0.515306
4.05108,-0.42928897,0.508127
4.051685,-0.427338302,0.500973
4.05229,-0.423272702,0.493848
4.052895,-0.424956439,0.486752
4.0535,-0.435964386,0.479688
4.054105,-0.452205113,0.472657
4.05471,-0.466124049,0.465661
4.055315,-0.473109478,0.458701
4.05592,-0.473653715,0.451778
4.056525,-0.471261098,0.444895
4.05713,-0.469566086,0.438052
4.057735,-0.47007065,0.431251
4.05834,-0.470737556,0.424493
4.058945,-0.466748774,0.41778
4.05955,-0.453987431,0.411112
4.060155,-0.433209783,0.404492
4.06076,-0.411296432,0.397919
4.061365,-0.397246044,0.391396
4.06197,-0.395187841,0.384923
4.062575,-0.400758244,0.378502
4.06318,-0.404870041,0.372133
4.063785,-0.401269217,0.365818
4.06439,-0.390221625,0.359557
4.064995,-0.375932769,0.353351
4.0656,-0.362520046,0.347201
4.066205,-0.35228304,0.341108
4.06681,-0.34489774,0.335073
4.067415,-0.33659304,0.329096
4.06802,-0.321755061,0.323179
4.068625,-0.298067771,0.317321
4.06923,-0.270850306,0.311523
4.069835,-0.250621822,0.305787
4.07044,-0.244568212,0.300112
4.071045,-0.250116866,0.294499
4.07165,-0.257243897,0.288949
4.072255,-0.257106953,0.283461
4.07286,-0.248385144,0.278037
4.073465,-0.236072599,0.272677
4.07407,-0.225845816,0.267381
4.074675,-0.219986357,0.262149
4.07528,-0.216768589,0.256982
4.075885,-0.211665872,0.251879
4.07649,-0.199506661,0.246842
4.077095,-0.178439,0.241869
4.0777,-0.153898432,0.236963
4.078305,-0.13697728,0.232121
4.07891,-0.136022824,0.227345
4.079515,-0.149134889,0.222635
4.08012,-0.165498986,0.21799
4.080725,-0.174450246,0.213411
4.08133,-0.173294354,0.208897
4.081935,-0.166884571,0.204449
4.08254,-0.161462844,0.200066
4.083145,-0.159995753,0.195748
4.08375,-0.16164384,0.191495
4.084355,-0.162918758,0.187307
4.08496,-0.15883532,0.183184
4.085565,-0.145676529,0.179125
4.08617,-0.125713261,0.175131
4.086775,-0.108609517,0.1712
4.08738,-0.10501751,0.167333
4.087985,-0.117222281,0.163529
4.08859,-0.136609408,0.159789
4.089195,-0.151004827,0.156111
4.0898,-0.154447855,0.152495
4.090405,-0.149858663,0.148941
4.09101,-0.143914588,0.145448
4.091615,-0.141254999,0.142017
4.09222,-0.142499777,0.138646
4.092825,-0.144577236,0.135335
4.09343,-0.141754283,0.132084
4.094035,-0.128971658,0.128892
4.09464,-0.107500658,0.125759
4.095245,-0.087149372,0.122684
4.09585,-0.08000238,0.119666
4.096455,-0.090216005,0.116706
4.09706,-0.110148659,0.113802
4.097665,-0.12696699,0.110954
4.09827,-0.132859161,0.108161
4.098875,-0.12908731,0.105423
4.09948,-0.12223012,0.10274
4.100085,-0.118326091,0.10011
4.10069,-0.119389285,0.097533
4.101295,-0.122777761,0.095008
4.1019,-0.122609374,0.092535
4.102505,-0.113227311,0.090114
4.10311,-0.094379499,0.087742
4.103715,-0.074093713,0.085421
4.10432,-0.064234766,0.083149
4.104925,-0.070872293,0.080925
4.10553,-0.088686188,0.078749
4.106135,-0.105592584,0.076621
4.10674,-0.11303696,0.074539
4.107345,-0.111359812,0.072503
4.10795,-0.106370268,0.070512
4.108555,-0.103295695,0.068566
4.10916,-0.104031122,0.066663
4.109765,-0.10708586,0.064804
4.11037,-0.107951699,0.062988
4.110975,-0.100889886,0.061213
4.11158,-0.083840244,0.05948
4.112185,-0.063016934,0.057788
4.11279,-0.05044102,0.056135
4.113395,-0.054316167,0.054521
4.114,-0.071489741,0.052946
4.114605,-0.090183367,0.051409
4.11521,-0.100260808,0.04991
4.115815,-0.100378424,0.048447
4.11642,-0.095932022,0.04702
4.117025,-0.092478173,0.045628
4.11763,-0.092131281,0.044271
4.118235,-0.094008568,0.042948
4.11884,-0.095151544,0.041658
4.119445,-0.091004696,0.040401
4.12005,-0.078296131,0.039177
4.120655,-0.059993081,0.037984
4.12126,-0.045870436,0.036822
4.121865,-0.045099038,0.03569
4.12247,-0.05764622,0.034588
4.123075,-0.074193153,0.033515
4.12368,-0.084749994,0.03247
4.124285,-0.086396387,0.031453
4.12489,-0.082895704,0.030464
4.125495,-0.079234609,0.029502
4.1261,-0.078064466,0.028566
4.126705,-0.079501857,0.027655
4.12731,-0.081324739,0.026769
4.127915,-0.078985004,0.025908
4.12852,-0.068221525,0.025071
4.129125,-0.050310179,0.024258
4.12973,-0.033999388,0.023467
4.130335,-0.029503637,0.022699
4.13094,-0.03943814,0.021953
4.131545,-0.056376801,0.021228
4.13215,-0.069670482,0.020525
4.132755,-0.074070036,0.019841
4.13336,-0.071771868,0.019178
4.133965,-0.067991364,0.018534
4.13457,-0.066390424,0.017909
4.135175,-0.067850221,0.017302
4.13578,-0.070863943,0.016714
4.136385,-0.071728864,0.016143
4.13699,-0.066020497,0.015589
4.137595,-0.052801779,0.015052
4.1382,-0.03789158,0.014532
4.138805,-0.030603651,0.014027
4.13941,-0.035555846,0.013538
4.140015,-0.048292544,0.013065
4.14062,-0.059704121,0.012605
4.141225,-0.064080137,0.012161
4.14183,-0.062272462,0.01173
4.142435,-0.058494523,0.011313
4.14304,-0.056223641,0.010909
4.143645,-0.056880308,0.010518
4.14425,-0.059777958,0.010139
4.144855,-0.061622259,0.009773
4.14546,-0.057392036,0.009418
4.146065,-0.044616535,0.009075
4.14667,-0.027745656,0.008743
4.147275,-0.016370003,0.008422
4.14788,-0.017224755,0.008112
4.148485,-0.028020409,0.007812
4.14909,-0.039813409,0.007522
4.149695,-0.045127017,0.007242
4.1503,-0.043148207,0.006971
4.150905,-0.037900395,0.006709
4.15151,-0.033440883,0.006456
4.152115,-0.031394221,0.006212
4.15272,-0.031246155,0.005976
4.153325,-0.030909265,0.005748
4.15393,-0.027072979,0.005528
4.154535,-0.017274532,0.005316
4.15514,-0.003374496,0.005111
4.155745,0.008009317,0.004913
4.15635,0.010588046,0.004723
4.156955,0.00430899,0.004539
4.15756,-0.004646928,0.004361
4.158165,-0.009680636,0.00419
4.15877,-0.008750629,0.004025
4.159375,-0.004127489,0.003866
4.15998,0.000820261,0.003713
4.160585,0.003912205,0.003565
4.16119,0.004820787,0.003422
4.161795,0.005249112,0.003285
4.1624,0.008549872,0.003153
4.163005,0.017571188,0.003026
4.16361,0.031288334,0.002903
4.164215,0.043864407,0.002785
4.16482,0.048759322,0.002671
4.165425,0.044658042,0.002562
4.16603,0.036777569,0.002457
4.166635,0.031926226,0.002356
4.16724,0.032858686,0.002258
4.167845,0.037567983,0.002164
4.16845,0.042698559,0.002074
4.169055,0.046395108,0.001988
4.16966,0.048501547,0.001904
4.170265,0.049847549,0.001824
4.17087,0.052253471,0.001747
4.171475,0.058169283,0.001673
4.17208,0.068471083,0.001602
4.172685,0.0801992,0.001534
4.17329,0.087893879,0.001468
4.173895,0.088422991,0.001405
4.1745,0.084141429,0.001345
4.175105,0.080572916,0.001287
4.17571,0.081395748,0.001231
4.176315,0.086205358,0.001177
4.17692,0.092276749,0.001126
4.177525,0.097217441,0.001077
4.17813,0.100087117,0.00103
4.178735,0.101418009,0.000984
4.17934,0.10317272,0.000941
4.179945,0.10807815,0.000899
4.18055,0.117402887,0.000859
4.181155,0.128660678,0.000821
4.18176,0.136515181,0.000784
4.182365,0.137302702,0.000749
4.18297,0.132650199,0.000715
4.183575,0.127853749,0.000683
4.18418,0.126822458,0.000652
4.184785,0.129301862,0.000622
4.18539,0.132659472,0.000594
4.185995,0.135066808,0.000567
4.1866,0.136445995,0.000541
4.187205,0.137332825,0.000516
4.18781,0.138145904,0.000492
4.188415,0.139674222,0.000469
4.18902,0.143078405,0.000448
4.189625,0.148369202,0.000427
4.19023,0.153261263,0.000407
4.190835,0.154742872,0.000388
4.19144,0.152162691,0.00037
4.192045,0.148013215,0.000352
4.19265,0.14530195,0.000335
4.193255,0.144896537,0.00032
4.19386,0.145822021,0.000304
4.194465,0.147069556,0.00029
4.19507,0.148098892,0.000276
4.195675,0.148309407,0.000263
4.19628,0.147416125,0.00025
4.196885,0.146443334,0.000238
4.19749,0.147289089,0.000227
4.198095,0.150553562,0.000216
4.1987,0.154125915,0.000205
4.199305,0.154811612,0.000195
4.19991,0.151543609,0.000186
4.200515,0.146317174,0.000176
4.20112,0.141903185,0.000168
4.201725,0.139501912,0.000159
4.20233,0.138693268,0.000152
4.202935,0.138547423,0.000144
4.20354,0.138256308,0.000137
4.204145,0.137315634,0.00013
4.20475,0.135624594,0.000124
4.205355,0.133492388,0.000117
4.20596,0.131641654,0.000111
4.206565,0.130977127,0.000106
4.20717,0.13169985,0.0001
4.207775,0.132514358,9.53E-05
4.20838,0.131395146,9.05E-05
4.208985,0.127622362,8.59E-05
4.20959,0.122799561,8.15E-05
4.210195,0.119521385,7.73E-05
4.2108,0.119005405,7.33E-05
4.211405,0.120015481,6.95E-05
4.21201,0.120076753,6.59E-05
4.212615,0.117835549,6.25E-05
4.21322,0.114319626,5.93E-05
4.213825,0.111831091,5.62E-05
4.21443,0.111561156,5.32E-05
4.215035,0.112525091,5.05E-05
4.21564,0.112917611,4.78E-05
4.216245,0.111964921,4.53E-05
4.21685,0.110100423,4.29E-05
4.217455,0.107874999,4.06E-05
4.21806,0.105358343,3.85E-05
4.218665,0.102634276,3.64E-05
4.21927,0.100354351,3.45E-05
4.219875,0.099222941,3.26E-05
4.22048,0.098970119,3.09E-05
4.221085,0.098364991,2.92E-05
4.22169,0.096467407,2.76E-05
4.222295,0.093647912,2.61E-05
4.2229,0.091188857,2.47E-05
4.223505,0.089973587,2.34E-05
4.22411,0.089700522,2.21E-05
4.224715,0.089247654,2.09E-05
4.22532,0.087662695,1.97E-05
4.225925,0.084919283,1.87E-05
4.22653,0.081858231,1.76E-05
4.227135,0.079490395,1.67E-05
4.22774,0.078311164,1.57E-05
4.228345,0.077948461,1.49E-05
4.22895,0.077349866,1.40E-05
4.229555,0.075664672,1.33E-05
4.23016,0.073124047,1.25E-05
4.230765,0.070844086,1.18E-05
4.23137,0.06965628,1.12E-05
4.231975,0.069306192,1.05E-05
4.23258,0.068855511,9.93E-06
4.233185,0.067596225,9.37E-06
4.23379,0.065478897,8.84E-06
4.234395,0.062959626,8.33E-06
4.235,0.06057947,7.86E-06
4.235605,0.058580312,7.41E-06
4.23621,0.056911379,6.99E-06
4.236815,0.055523352,6.58E-06
4.23742,0.05439955,6.20E-06
4.238025,0.053278359,5.85E-06
4.23863,0.051690891,5.51E-06
4.239235,0.04952765,5.19E-06
4.23984,0.04735254,4.89E-06
4.240445,0.045817594,4.60E-06
4.24105,0.044855505,4.33E-06
4.241655,0.04374237,4.08E-06
4.24226,0.041928016,3.84E-06
4.242865,0.039581457,3.62E-06
4.24347,0.037309014,3.40E-06
4.244075,0.035531458,3.20E-06
4.24468,0.034233918,3.01E-06
4.245285,0.033161412,2.83E-06
4.24589,0.032048729,2.66E-06
4.246495,0.03071927,2.51E-06
4.2471,0.029172573,2.36E-06
4.247705,0.027584247,2.21E-06
4.24831,0.026099857,2.08E-06
4.248915,0.024693197,1.96E-06
4.24952,0.023336075,1.84E-06
4.250125,0.022128326,1.73E-06
4.25073,0.021026399,1.62E-06
4.251335,0.019618592,1.52E-06
4.25194,0.017527709,1.43E-06
4.252545,0.015003577,1.34E-06
4.25315,0.012793953,1.26E-06
4.253755,0.011354033,1.18E-06
4.25436,0.010378625,1.11E-06
4.254965,0.009167996,1.04E-06
4.25557,0.007295017,9.79E-07
4.256175,0.004875197,9.18E-07
4.25678,0.002378807,8.61E-07
4.257385,0.000314371,8.08E-07
4.25799,-0.001052466,7.58E-07
4.258595,-0.00194604,7.10E-07
4.2592,-0.003077613,6.66E-07
4.259805,-0.005089666,6.24E-07
4.26041,-0.007853423,5.85E-07
4.261015,-0.010570246,5.48E-07
4.26162,-0.012647485,5.14E-07
4.262225,-0.01417322,4.81E-07
4.26283,-0.015508972,4.51E-07
4.263435,-0.016809065,4.22E-07
4.26404,-0.018104572,3.95E-07
4.264645,-0.019584563,3.70E-07
4.26525,-0.021448065,3.46E-07
4.265855,-0.023417243,3.24E-07
4.26646,-0.024709535,3.03E-07
4.267065,-0.024882339,2.84E-07
4.26767,-0.024699205,2.65E-07
4.268275,-0.025694545,2.48E-07
4.26888,-0.028585273,2.32E-07
4.269485,-0.032424626,2.17E-07
4.27009,-0.035603684,2.03E-07
4.270695,-0.037401361,1.90E-07
4.2713,-0.03835214,1.77E-07
4.271905,-0.039436428,1.66E-07
4.27251,-0.04124207,1.55E-07
4.273115,-0.043759151,1.45E-07
4.27372,-0.046526035,1.35E-07
4.274325,-0.048781684,1.26E-07
4.27493,-0.049857906,1.18E-07
4.275535,-0.049875257,1.10E-07
4.27614,-0.049986287,1.03E-07
4.276745,-0.051496524,9.60E-08
4.27735,-0.054562104,8.96E-08
4.277955,-0.058043803,8.36E-08
4.27856,-0.060767757,7.80E-08
4.279165,-0.062548322,7.28E-08
4.27977,-0.063862799,6.79E-08
4.280375,-0.065036838,6.33E-08
4.28098,-0.066125335,5.91E-08
4.281585,-0.067347564,5.51E-08
4.28219,-0.06908049,5.13E-08
4.282795,-0.071128469,4.79E-08
4.2834,-0.072342013,4.46E-08
4.284005,-0.071653248,4.16E-08
4.28461,-0.069736664,3.87E-08
4.285215,-0.069036081,3.61E-08
4.28582,-0.071458628,3.36E-08
4.286425,-0.076293573,3.13E-08
4.28703,-0.080977659,2.91E-08
4.287635,-0.083635625,2.71E-08
4.28824,-0.084384194,2.52E-08
4.288845,-0.084506852,2.35E-08
4.28945,-0.085053472,2.19E-08
4.290055,-0.086336377,2.03E-08
4.29066,-0.088175508,1.89E-08
4.291265,-0.089994517,1.76E-08
4.29187,-0.090806179,1.64E-08
4.292475,-0.089885054,1.52E-08
4.29308,-0.087906292,1.42E-08
4.293685,-0.086962561,1.32E-08
4.29429,-0.088713647,1.22E-08
4.294895,-0.09256215,1.14E-08
4.2955,-0.096237838,1.06E-08
4.296105,-0.098099165,9.82E-09
4.29671,-0.098325237,9.12E-09
4.297315,-0.098053673,8.47E-09
4.29792,-0.098120726,7.87E-09
4.298525,-0.098836011,7.31E-09
4.29913,-0.100288237,6.78E-09
4.299735,-0.10207003,6.30E-09
4.30034,-0.102795405,5.84E-09
4.300945,-0.10090078,5.42E-09
4.30155,-0.096685297,5.03E-09
4.302155,-0.093070083,4.67E-09
4.30276,-0.093235661,4.33E-09
4.303365,-0.097366288,4.02E-09
4.30397,-0.102484222,3.72E-09
4.304575,-0.105513905,3.45E-09
4.30518,-0.105799414,3.20E-09
4.305785,-0.104747386,2.97E-09
4.30639,-0.103950842,2.75E-09
4.306995,-0.104041455,2.55E-09
4.3076,-0.104811742,2.36E-09
4.308205,-0.105673881,2.19E-09
4.30881,-0.105775928,2.03E-09
4.309415,-0.104231105,1.88E-09
4.31002,-0.10102073,1.74E-09
4.310625,-0.09777204,1.61E-09
4.31123,-0.096831137,1.49E-09
4.311835,-0.098944573,1.38E-09
4.31244,-0.10230491,1.28E-09
4.313045,-0.104360982,1.18E-09
4.31365,-0.10413908,1.09E-09
4.314255,-0.102498981,1.01E-09
4.31486,-0.100754367,9.34E-10
4.315465,-0.099656328,8.64E-10
4.31607,-0.099382444,7.99E-10
4.316675,-0.099608774,7.38E-10
4.31728,-0.099241973,6.82E-10
4.317885,-0.096766902,6.31E-10
4.31849,-0.091788863,5.83E-10
4.319095,-0.086320189,5.39E-10
4.3197,-0.083659025,4.97E-10
4.320305,-0.08529052,4.59E-10
4.32091,-0.089288327,4.24E-10
4.321515,-0.092282578,3.92E-10
4.32212,-0.092577654,3.62E-10
4.322725,-0.090973924,3.34E-10
4.32333,-0.089152819,3.08E-10
4.323935,-0.088014033,2.84E-10
4.32454,-0.087521308,2.62E-10
4.325145,-0.087353634,2.42E-10
4.32575,-0.087009335,2.23E-10
4.326355,-0.085564054,2.06E-10
4.32696,-0.082296285,1.90E-10
4.327565,-0.077969646,1.75E-10
4.32817,-0.074851944,1.61E-10
4.328775,-0.074681255,1.49E-10
4.32938,-0.076773315,1.37E-10
4.329985,-0.0787024,1.26E-10
4.33059,-0.078658263,1.16E-10
4.331195,-0.07669852,1.07E-10
4.3318,-0.074036019,9.88E-11
4.332405,-0.071759552,9.10E-11
4.33301,-0.070304294,8.38E-11
4.333615,-0.069576369,7.72E-11
4.33422,-0.068965876,7.10E-11
4.334825,-0.06728828,6.54E-11
4.33543,-0.063493256,6.02E-11
4.336035,-0.05806895,5.54E-11
4.33664,-0.053394216,5.09E-11
4.337245,-0.051788576,4.68E-11
4.33785,-0.053089582,4.31E-11
4.338455,-0.0548273,3.96E-11
4.33906,-0.054802341,3.64E-11
4.339665,-0.052846881,3.35E-11
4.34027,-0.050158447,3.08E-11
4.340875,-0.047748984,2.83E-11
4.34148,-0.04587717,2.60E-11
4.342085,-0.044427479,2.39E-11
4.34269,-0.043127801,2.19E-11
4.343295,-0.04138492,2.02E-11
4.3439,-0.038535208,1.85E-11
4.344505,-0.034690687,1.70E-11
4.34511,-0.031102296,1.56E-11
4.345715,-0.029157618,1.43E-11
4.34632,-0.028918481,1.31E-11
4.346925,-0.029023987,1.21E-11
4.34753,-0.028108173,1.11E-11
4.348135,-0.025948989,1.02E-11
4.34874,-0.023215969,9.32E-12
4.349345,-0.020562725,8.55E-12
4.34995,-0.01822099,7.84E-12
4.350555,-0.016207401,7.19E-12
4.35116,-0.014464127,6.59E-12
4.351765,-0.01264711,6.04E-12
4.35237,-0.010099215,5.53E-12
4.352975,-0.006490172,5.07E-12
4.35358,-0.00256292,4.65E-12
4.354185,0.000202578,4.26E-12
4.35479,0.00105241,3.90E-12
4.355395,0.000852496,3.57E-12
4.356,0.001197502,3.27E-12
4.356605,0.002838481,2.99E-12
4.35721,0.005255361,2.74E-12
4.357815,0.007539731,2.51E-12
4.35842,0.009304284,2.30E-12
4.359025,0.010725916,2.10E-12
4.35963,0.012071907,1.92E-12
4.360235,0.013465914,1.76E-12
4.36084,0.014995766,1.61E-12
4.361445,0.016730826,1.47E-12
4.36205,0.018519606,1.34E-12
4.362655,0.019982454,1.23E-12
4.36326,0.020930279,1.12E-12
4.363865,0.021686696,1.03E-12
4.36447,0.02278532,9.38E-13
4.365075,0.024426705,8.57E-13
4.36568,0.026388906,7.83E-13
4.366285,0.028358423,7.15E-13
4.36689,0.030169308,6.53E-13
4.367495,0.031776598,5.96E-13
4.3681,0.033186994,5.45E-13
4.368705,0.034486482,4.97E-13
4.36931,0.035856732,4.54E-13
4.369915,0.037454994,4.14E-13
4.37052,0.039204062,3.78E-13
4.371125,0.040736747,3.45E-13
4.37173,0.041713795,3.14E-13
4.372335,0.042260251,2.87E-13
4.37294,0.042930458,2.62E-13
4.373545,0.044152172,2.38E-13
4.37415,0.045811652,2.17E-13
4.374755,0.047434119,1.98E-13
4.37536,0.048680715,1.81E-13
4.375965,0.049606942,1.65E-13
4.37657,0.050478155,1.50E-13
4.377175,0.051444555,1.37E-13
4.37778,0.05245631,1.24E-13
4.378385,0.053395774,1.13E-13
4.37899,0.054164078,1.03E-13
4.379595,0.054681544,9.39E-14
4.3802,0.054947692,8.55E-14
4.380805,0.055129471,7.78E-14
4.38141,0.055500324,7.08E-14
4.382015,0.056260637,6.45E-14
4.38262,0.057435492,5.86E-14
4.383225,0.058878456,5.33E-14
4.38383,0.060306996,4.85E-14
4.384435,0.061417198,4.41E-14
4.38504,0.062108705,4.01E-14
4.385645,0.062631335,3.65E-14
4.38625,0.063410071,3.32E-14
4.386855,0.064621018,3.01E-14
4.38746,0.065941462,2.74E-14
4.388065,0.0667907,2.49E-14
4.38867,0.066882613,2.26E-14
4.389275,0.066543144,2.05E-14
4.38988,0.066429211,1.86E-14
4.390485,0.066941015,1.69E-14
4.39109,0.067967573,1.54E-14
4.391695,0.069137095,1.40E-14
4.3923,0.070155858,1.27E-14
4.392905,0.070892509,1.15E-14
4.39351,0.071305905,1.04E-14
4.394115,0.071447504,9.46E-15
4.39472,0.071506819,8.58E-15
4.395325,0.071690541,7.78E-15
4.39593,0.071952015,7.06E-15
4.396535,0.071901884,6.40E-15
4.39714,0.071140617,5.80E-15
4.397745,0.069758471,5.26E-15
4.39835,0.068426699,4.77E-15
4.398955,0.067886842,4.32E-15
4.39956,0.068346427,3.91E-15
4.400165,0.0693855,3.55E-15
4.40077,0.070383267,3.21E-15
4.401375,0.070981248,2.91E-15
4.40198,0.071206798,2.63E-15
4.402585,0.071310798,2.38E-15
4.40319,0.071558459,2.16E-15
4.403795,0.07204689,1.95E-15
4.4044,0.072553397,1.77E-15
4.405005,0.072598587,1.60E-15
4.40561,0.071861203,1.45E-15
4.406215,0.070602695,1.31E-15
4.40682,0.069537406,1.18E-15
4.407425,0.069199209,1.07E-15
4.40803,0.069541925,9.68E-16
4.408635,0.070173543,8.76E-16
4.40924,0.070772045,7.91E-16
4.409845,0.071171282,7.15E-16
4.41045,0.071245307,6.46E-16
4.411055,0.070948253,5.84E-16
4.41166,0.070456765,5.28E-16
4.412265,0.07007472,4.77E-16
4.41287,0.06985365,4.30E-16
4.413475,0.06936567,3.89E-16
4.41408,0.068049432,3.51E-16
4.414685,0.065879229,3.17E-16
4.41529,0.063563537,2.86E-16
4.415895,0.061948984,2.58E-16
4.4165,0.061299555,2.33E-16
4.417105,0.06123337,2.10E-16
4.41771,0.061222406,1.89E-16
4.418315,0.060999619,1.71E-16
4.41892,0.060566366,1.54E-16
4.419525,0.060027071,1.39E-16
4.42013,0.059504718,1.25E-16
4.420735,0.059086048,1.13E-16
4.42134,0.058681099,1.02E-16
4.421945,0.057946929,9.17E-17
4.42255,0.056523216,8.26E-17
4.423155,0.054466693,7.44E-17
4.42376,0.052379937,6.71E-17
4.424365,0.050960341,6.04E-17
4.42497,0.05040487,5.44E-17
4.425575,0.050322194,4.90E-17
4.42618,0.050179837,4.41E-17
4.426785,0.049727888,3.97E-17
4.42739,0.049010531,3.57E-17
4.427995,0.048141929,3.21E-17
4.4286,0.047219057,2.89E-17
4.429205,0.046376669,2.60E-17
4.42981,0.045684255,2.34E-17
4.430415,0.044889455,2.10E-17
4.43102,0.043457518,1.89E-17
4.431625,0.041111555,1.70E-17
4.43223,0.03831549,1.53E-17
4.432835,0.036000896,1.37E-17
4.43344,0.034748905,1.23E-17
4.434045,0.034368025,1.11E-17
4.43465,0.03426183,9.96E-18
4.435255,0.0340077,8.95E-18
4.43586,0.033521182,8.04E-18
4.436465,0.032866413,7.22E-18
4.43707,0.032119088,6.48E-18
4.437675,0.031392054,5.82E-18
4.43828,0.030803519,5.22E-18
4.438885,0.030296621,4.68E-18
4.43949,0.029552589,4.20E-18
4.440095,0.028230756,3.77E-18
4.4407,0.026353928,3.38E-18
4.441305,0.024382848,3.03E-18
4.44191,0.022843637,2.72E-18
4.442515,0.021910145,2.44E-18
4.44312,0.021352414,2.19E-18
4.443725,0.020800161,1.96E-18
4.44433,0.020014497,1.76E-18
4.444935,0.018977472,1.57E-18
4.44554,0.017807244,1.41E-18
4.446145,0.016635717,1.26E-18
4.44675,0.01553666,1.13E-18
4.447355,0.014442218,1.01E-18
4.44796,0.013070854,9.08E-19
4.448565,0.011078729,8.13E-19
4.44917,0.008433301,7.28E-19
4.449775,0.005585677,6.51E-19
4.45038,0.003146756,5.83E-19
4.450985,0.001417629,5.22E-19
4.45159,0.000299082,4.67E-19
4.452195,-0.000470761,4.18E-19
4.4528,-0.001155479,3.73E-19
4.453405,-0.002021891,3.34E-19
4.45401,-0.003294307,2.99E-19
4.454615,-0.004989472,2.67E-19
4.45522,-0.006821229,2.39E-19
4.455825,-0.008398921,2.13E-19
4.45643,-0.009638281,1.91E-19
4.457035,-0.010940933,1.70E-19
4.45764,-0.012823538,1.52E-19
4.458245,-0.015329498,1.36E-19
4.45885,-0.017920908,1.21E-19
4.459455,-0.0199877,1.08E-19
4.46006,-0.021360065,9.68E-20
4.460665,-0.022335576,8.64E-20
4.46127,-0.023364482,7.71E-20
4.461875,-0.024757312,6.88E-20
4.46248,-0.026578973,6.14E-20
4.463085,-0.028672135,5.48E-20
4.46369,-0.030731016,4.89E-20
4.464295,-0.032475428,4.36E-20
4.4649,-0.03391668,3.89E-20
4.465505,-0.035446508,3.47E-20
4.46611,-0.037497367,3.09E-20
4.466715,-0.040022258,2.75E-20
4.46732,-0.042431752,2.45E-20
4.467925,-0.044154414,2.19E-20
4.46853,-0.045160708,1.95E-20
4.469135,-0.045872301,1.74E-20
4.46974,-0.046700385,1.55E-20
4.470345,-0.047787064,1.38E-20
4.47095,-0.049102099,1.23E-20
4.471555,-0.050588021,1.09E-20
4.47216,-0.052118185,9.72E-21
4.472765,-0.053441616,8.65E-21
4.47337,-0.054373999,7.70E-21
4.473975,-0.055105807,6.85E-21
4.47458,-0.056169158,6.10E-21
4.475185,-0.057910404,5.42E-21
4.47579,-0.060065793,4.82E-21
4.476395,-0.06204466,4.29E-21
4.477,-0.063532934,3.81E-21
4.477605,-0.064646682,3.39E-21
4.47821,-0.065649331,3.01E-21
4.478815,-0.066746205,2.68E-21
4.47942,-0.068091854,2.38E-21
4.480025,-0.069764588,2.12E-21
4.48063,-0.071616486,1.88E-21
4.481235,-0.073250052,1.67E-21
4.48184,-0.074328176,1.48E-21
4.482445,-0.074990896,1.32E-21
4.48305,-0.075875303,1.17E-21
4.483655,-0.077537195,1.04E-21
4.48426,-0.079829962,9.21E-22
4.484865,-0.082019085,8.17E-22
4.48547,-0.083502499,7.25E-22
4.486075,-0.084262197,6.43E-22
4.48668,-0.084688422,5.71E-22
4.487285,-0.085201716,5.06E-22
4.48789,-0.086085303,4.49E-22
4.488495,-0.08745002,3.98E-22
4.4891,-0.089087609,3.53E-22
4.489705,-0.090371924,3.13E-22
4.49031,-0.090640586,2.77E-22
4.490915,-0.089970063,2.46E-22
4.49152,-0.08946493,2.18E-22
4.492125,-0.090358722,1.93E-22
4.49273,-0.092704771,1.71E-22
4.493335,-0.095305102,1.51E-22
4.49394,-0.097011748,1.34E-22
4.494545,-0.097718949,1.19E-22
4.49515,-0.098044598,1.05E-22
4.495755,-0.098505252,9.30E-23
4.49636,-0.099253078,8.23E-23
4.496965,-0.100330459,7.28E-23
4.49757,-0.101713366,6.44E-23
4.498175,-0.103016634,5.70E-23
4.49878,-0.103555652,5.04E-23
4.499385,-0.103073555,4.46E-23
4.49999,-0.102333258,3.94E-23
4.500595,-0.102591035,3.48E-23
4.5012,-0.104292448,3.08E-23
4.501805,-0.106561968,2.72E-23
4.50241,-0.108138482,2.41E-23
4.503015,-0.10851962,2.13E-23
4.50362,-0.108095481,1.88E-23
4.504225,-0.107538289,1.66E-23
4.50483,-0.107328537,1.46E-23
4.505435,-0.107696812,1.29E-23
4.50604,-0.108569719,1.14E-23
4.506645,-0.109306592,1.01E-23
4.50725,-0.108824299,8.90E-24
4.507855,-0.106613394,7.85E-24
4.50846,-0.103775116,6.93E-24
4.509065,-0.102460806,6.11E-24
4.50967,-0.103777086,5.39E-24
4.510275,-0.106578653,4.76E-24
4.51088,-0.108722465,4.19E-24
4.511485,-0.109111532,3.70E-24
4.51209,-0.108195535,3.26E-24
4.512695,-0.106994473,2.87E-24
4.5133,-0.106179224,2.53E-24
4.513905,-0.105936255,2.23E-24
4.51451,-0.106128327,1.97E-24
4.515115,-0.106242279,1.73E-24
4.51572,-0.105466781,1.53E-24
4.516325,-0.103362754,1.34E-24
4.51693,-0.100618419,1.18E-24
4.517535,-0.098781258,1.04E-24
4.51814,-0.098830244,9.18E-25
4.518745,-0.100116357,8.08E-25
4.51935,-0.101032284,7.11E-25
4.519955,-0.10057305,6.26E-25
4.52056,-0.098964127,5.50E-25
4.521165,-0.097007156,4.84E-25
4.52177,-0.095271742,4.26E-25
4.522375,-0.093997524,3.74E-25
4.52298,-0.093321924,3.29E-25
4.523585,-0.093040689,2.89E-25
4.52419,-0.092206326,2.54E-25
4.524795,-0.089681382,2.24E-25
4.5254,-0.085595178,1.97E-25
4.526005,-0.081875858,1.73E-25
4.52661,-0.080599052,1.52E-25
4.527215,-0.081816857,1.33E-25
4.52782,-0.083577514,1.17E-25
4.528425,-0.083989929,1.03E-25
4.52903,-0.082735673,9.02E-26
4.529635,-0.080718526,7.92E-26
4.53024,-0.078886547,6.95E-26
4.530845,-0.077624172,6.10E-26
4.53145,-0.076906257,5.36E-26
4.532055,-0.076463171,4.70E-26
4.53266,-0.075659775,4.12E-26
4.533265,-0.073737575,3.62E-26
4.53387,-0.070700936,3.17E-26
4.534475,-0.067777499,2.78E-26
4.53508,-0.066377993,2.44E-26
4.535685,-0.06651388,2.14E-26
4.53629,-0.066775504,1.87E-26
4.536895,-0.065940096,1.64E-26
4.5375,-0.064054936,1.44E-26
4.538105,-0.061888171,1.26E-26
4.53871,-0.05992097,1.10E-26
4.539315,-0.058169107,9.66E-27
4.53992,-0.056594161,8.46E-27
4.540525,-0.055169262,7.41E-27
4.54113,-0.053517702,6.49E-27
4.541735,-0.050936868,5.68E-27
4.54234,-0.047179818,4.97E-27
4.542945,-0.043157527,4.35E-27
4.54355,-0.040409207,3.80E-27
4.544155,-0.039600419,3.33E-27
4.54476,-0.039809362,2.91E-27
4.545365,-0.039487229,2.55E-27
4.54597,-0.03783998,2.23E-27
4.546575,-0.035177241,1.95E-27
4.54718,-0.032298416,1.70E-27
4.547785,-0.029807985,1.49E-27
4.54839,-0.02787194,1.30E-27
4.548995,-0.026309173,1.14E-27
4.5496,-0.02474216,9.92E-28
4.550205,-0.022780348,8.66E-28
4.55081,-0.020310861,7.57E-28
4.551415,-0.017708251,6.61E-28
4.55202,-0.015600139,5.77E-28
4.552625,-0.014242336,5.04E-28
4.55323,-0.013206772,4.40E-28
4.553835,-0.01182935,3.84E-28
4.55444,-0.009850677,3.35E-28
4.555045,-0.00749603,2.92E-28
4.55565,-0.005077117,2.55E-28
4.556255,-0.002726041,2.22E-28
4.55686,-0.000519135,1.94E-28
4.557465,0.001376744,1.69E-28
4.55807,0.002908185,1.47E-28
4.558675,0.004408011,1.28E-28
4.55928,0.006384295,1.12E-28
4.559885,0.00890448,9.75E-29
4.56049,0.011355553,8.50E-29
4.561095,0.013053093,7.40E-29
4.5617,0.014028217,6.45E-29
4.562305,0.014975314,5.62E-29
4.56291,0.016471167,4.89E-29
4.563515,0.018476196,4.26E-29
4.56412,0.020562979,3.71E-29
4.564725,0.022389325,3.23E-29
4.56533,0.023876179,2.81E-29
4.565935,0.025089195,2.44E-29
4.56654,0.026121458,2.13E-29
4.567145,0.027091443,1.85E-29
4.56775,0.028119475,1.61E-29
4.568355,0.029209872,1.40E-29
4.56896,0.030213281,1.22E-29
4.569565,0.031023118,1.06E-29
4.57017,0.031778064,9.20E-30
4.570775,0.032738298,7.99E-30
4.57138,0.033998631,6.95E-30
4.571985,0.035457741,6.03E-30
4.57259,0.03700588,5.24E-30
4.573195,0.038589762,4.55E-30
4.5738,0.040126249,3.96E-30
4.574405,0.041484586,3.43E-30
4.57501,0.042596188,2.98E-30
4.575615,0.04355409,2.59E-30
4.57622,0.044552892,2.25E-30
4.576825,0.045667919,1.95E-30
4.57743,0.046711129,1.69E-30
4.578035,0.047430794,1.47E-30
4.57864,0.047893666,1.27E-30
4.579245,0.048523394,1.10E-30
4.57985,0.049674031,9.58E-31
4.580455,0.051269145,8.31E-31
4.58106,0.052911812,7.20E-31
4.581665,0.054252665,6.24E-31
4.58227,0.05521317,5.41E-31
4.582875,0.055939565,4.69E-31
4.58348,0.056630687,4.06E-31
4.584085,0.057409341,3.52E-31
4.58469,0.05826399,3.05E-31
4.585295,0.059022327,2.64E-31
4.5859,0.059418203,2.29E-31
4.586505,0.059330253,1.98E-31
4.58711,0.059017565,1.71E-31
4.587715,0.059001962,1.48E-31
4.58832,0.059616162,1.28E-31
4.588925,0.060727089,1.11E-31
4.58953,0.061939524,9.62E-32
4.590135,0.062979787,8.32E-32
4.59074,0.063833187,7.19E-32
4.591345,0.064599326,6.22E-32
4.59195,0.065342839,5.38E-32
4.592555,0.066101101,4.65E-32
4.59316,0.066902493,4.02E-32
4.593765,0.067656398,3.48E-32
4.59437,0.068083567,3.00E-32
4.594975,0.067924628,2.60E-32
4.59558,0.067287018,2.24E-32
4.596185,0.066678365,1.94E-32
4.59679,0.066599069,1.67E-32
4.597395,0.067145602,1.44E-32
4.598,0.068026816,1.25E-32
4.598605,0.068846084,1.08E-32
4.59921,0.06931379,9.29E-33
4.599815,0.06933735,8.02E-33
4.60042,0.06908454,6.92E-33
4.601025,0.068928785,5.97E-33
4.60163,0.069131892,5.15E-33
4.602235,0.069474677,4.44E-33
4.60284,0.069312652,3.83E-33
4.603445,0.068178459,3.30E-33
4.60405,0.066364158,2.85E-33
4.604655,0.064772448,2.46E-33
4.60526,0.064114872,2.12E-33
4.605865,0.064341093,1.82E-33
4.60647,0.06486666,1.57E-33
4.607075,0.065192067,1.35E-33
4.60768,0.065214932,1.17E-33
4.608285,0.065089547,1.00E-33
4.60889,0.064982281,8.65E-34
4.609495,0.064994954,7.45E-34
4.6101,0.065177865,6.41E-34
4.610705,0.065446467,5.52E-34
4.61131,0.065469964,4.75E-34
4.611915,0.06482683,4.09E-34
4.61252,0.063456348,3.52E-34
4.613125,0.061895156,3.03E-34
4.61373,0.060873374,2.60E-34
4.614335,0.060660166,2.24E-34
4.61494,0.060903425,1.92E-34
4.615545,0.061059226,1.65E-34
4.61615,0.060851619,1.42E-34
4.616755,0.060352378,1.22E-34
4.61736,0.059789826,1.05E-34
4.617965,0.059366557,9.03E-35
4.61857,0.059153412,7.75E-35
4.619175,0.058990716,6.66E-35
4.61978,0.058467147,5.72E-35
4.620385,0.057155923,4.91E-35
4.62099,0.055042096,4.22E-35
4.621595,0.052695409,3.62E-35
4.6222,0.050879526,3.11E-35
4.622805,0.049966293,2.67E-35
4.62341,0.049776183,2.29E-35
4.624015,0.049882969,1.96E-35
4.62462,0.049927191,1.68E-35
4.625225,0.049705858,1.45E-35
4.62583,0.04918121,1.24E-35
4.626435,0.048510727,1.06E-35
4.62704,0.047966892,9.11E-36
4.627645,0.047664151,7.81E-36
4.62825,0.047326289,6.69E-36
4.628855,0.046427626,5.74E-36
4.62946,0.044691295,4.92E-36
4.630065,0.042475763,4.21E-36
4.63067,0.040576848,3.61E-36
4.631275,0.039563598,3.09E-36
4.63188,0.039325928,2.65E-36
4.632485,0.039282042,2.27E-36
4.63309,0.038938085,1.94E-36
4.633695,0.038191802,1.66E-36
4.6343,0.037201043,1.42E-36
4.634905,0.036137788,1.22E-36
4.63551,0.035123046,1.04E-36
4.636115,0.034230266,8.90E-37
4.63672,0.033334883,7.61E-37
4.637325,0.032006459,6.51E-37
4.63793,0.029832979,5.57E-37
4.638535,0.026990273,4.76E-37
4.63914,0.024314349,4.07E-37
4.639745,0.022607874,3.48E-37
4.64035,0.021914049,2.97E-37
4.640955,0.021573967,2.54E-37
4.64156,0.020909422,2.17E-37
4.642165,0.019748066,1.85E-37
4.64277,0.018391681,1.58E-37
4.643375,0.017235863,1.35E-37
4.64398,0.016434952,1.15E-37
4.644585,0.015839452,9.85E-38
4.64519,0.015146304,8.41E-38
4.645795,0.01405941,7.18E-38
4.6464,0.012397112,6.12E-38
4.647005,0.010225881,5.23E-38
4.64761,0.007939624,4.46E-38
4.648215,0.006056628,3.80E-38
4.64882,0.004816266,3.24E-38
4.649425,0.004005782,2.77E-38
4.65003,0.003203578,2.36E-38
4.650635,0.002133813,2.01E-38
4.65124,0.000771019,1.71E-38
4.651845,-0.000796603,1.46E-38
4.65245,-0.002462374,1.24E-38
4.653055,-0.004062873,1.06E-38
4.65366,-0.005444711,9.03E-39
4.654265,-0.006711977,7.69E-39
4.65487,-0.008278646,6.55E-39
4.655475,-0.010463092,5.57E-39
4.65608,-0.013053251,4.75E-39
4.656685,-0.015457179,4.04E-39
4.65729,-0.017272444,3.44E-39
4.657895,-0.018542428,2.93E-39
4.6585,-0.019517213,2.49E-39
4.659105,-0.020401188,2.12E-39
4.65971,-0.021362868,1.80E-39
4.660315,-0.022594987,1.53E-39
4.66092,-0.024194485,1.30E-39
4.661525,-0.025964028,1.11E-39
4.66213,-0.027457989,9.41E-40
4.662735,-0.0283978,8.00E-40
4.66334,-0.02908991,6.80E-40
4.663945,-0.030268577,5.78E-40
4.66455,-0.032350619,4.91E-40
4.665155,-0.034933244,4.17E-40
4.66576,-0.037190427,3.54E-40
4.666365,-0.038672691,3.01E-40
4.66697,-0.039597274,2.55E-40
4.667575,-0.040501314,2.17E-40
4.66818,-0.041780639,1.84E-40
4.668785,-0.043495198,1.56E-40
4.66939,-0.045434517,1.33E-40
4.669995,-0.047279761,1.12E-40
4.6706,-0.048780065,9.54E-41
4.671205,-0.049936586,8.09E-41
4.67181,-0.051097125,6.86E-41
4.672415,-0.052754604,5.82E-41
4.67302,-0.055065208,4.93E-41
4.673625,-0.057597368,4.18E-41
4.67423,-0.059722888,3.54E-41
4.674835,-0.061197242,3.00E-41
4.67544,-0.062230914,2.55E-41
4.676045,-0.063149139,2.16E-41
4.67665,-0.064173644,1.83E-41
4.677255,-0.065439905,1.55E-41
4.67786,-0.067006023,1.31E-41
4.678465,-0.068737151,1.11E-41
4.67907,-0.070228472,9.39E-42
4.679675,-0.071034482,7.95E-42
4.68028,-0.071205387,6.73E-42
4.680885,-0.071553308,5.69E-42
4.68149,-0.073009051,4.82E-42
4.682095,-0.075565588,4.08E-42
4.6827,-0.078178806,3.45E-42
4.683305,-0.079851611,2.92E-42
4.68391,-0.080540795,2.47E-42
4.684515,-0.080932907,2.08E-42
4.68512,-0.081640345,1.76E-42
4.685725,-0.082798949,1.49E-42
4.68633,-0.084245388,1.26E-42
4.686935,-0.085734333,1.06E-42
4.68754,-0.086917572,8.98E-43
4.688145,-0.087441241,7.59E-43
4.68875,-0.087382483,6.41E-43
4.689355,-0.087502497,5.41E-43
4.68996,-0.088685517,4.57E-43
4.690565,-0.090988455,3.86E-43
4.69117,-0.093519378,3.26E-43
4.691775,-0.095351515,2.75E-43
4.69238,-0.096285051,2.32E-43
4.692985,-0.096701256,1.96E-43
4.69359,-0.09704714,1.65E-43
4.694195,-0.097644298,1.39E-43
4.6948,-0.098728845,1.17E-43
4.695405,-0.10023936,9.90E-44
4.69601,-0.101460026,8.35E-44
4.696615,-0.101314225,7.04E-44
4.69722,-0.099550655,5.93E-44
4.697825,-0.097598351,5.00E-44
4.69843,-0.09759833,4.21E-44
4.699035,-0.100231731,3.55E-44
4.69964,-0.103943119,2.99E-44
4.700245,-0.106586004,2.52E-44
4.70085,-0.107378066,2.12E-44
4.701455,-0.107062315,1.79E-44
4.70206,-0.106732087,1.50E-44
4.702665,-0.10695197,1.27E-44
4.70327,-0.107774419,1.07E-44
4.703875,-0.108988956,8.96E-45
4.70448,-0.110050846,7.54E-45
4.705085,-0.11013224,6.34E-45
4.70569,-0.108819103,5.34E-45
4.706295,-0.106892774,4.49E-45
4.7069,-0.106024837,3.77E-45
4.707505,-0.107276072,3.17E-45
4.70811,-0.109980981,2.67E-45
4.708715,-0.112373954,2.24E-45
4.70932,-0.113181399,1.88E-45
4.709925,-0.112454887,1.58E-45
4.71053,-0.111128888,1.33E-45
4.711135,-0.110123774,1.12E-45
4.71174,-0.109888392,9.38E-46
4.712345,-0.110361776,7.88E-46
4.71295,-0.110832855,6.62E-46
4.713555,-0.109961904,5.55E-46
4.71416,-0.106789632,4.66E-46
4.714765,-0.102259738,3.91E-46
4.71537,-0.099151201,3.28E-46
4.715975,-0.099564023,2.76E-46
4.71658,-0.10260528,2.31E-46
4.717185,-0.105304016,1.94E-46
4.71779,-0.105622304,1.63E-46
4.718395,-0.103927621,1.36E-46
4.719,-0.101828386,1.14E-46
4.719605,-0.10040732,9.58E-47
4.72021,-0.09973134,8.03E-47
4.720815,-0.099409527,6.73E-47
4.72142,-0.098940261,5.64E-47
4.722025,-0.097597918,4.73E-47
4.72263,-0.094746052,3.96E-47
4.723235,-0.090799589,3.32E-47
4.72384,-0.087534723,2.78E-47
4.724445,-0.086662245,2.32E-47
4.72505,-0.087975914,1.95E-47
4.725655,-0.089486757,1.63E-47
4.72626,-0.089453801,1.36E-47
4.726865,-0.087779394,1.14E-47
4.72747,-0.085472546,9.55E-48
4.728075,-0.083409324,7.99E-48
4.72868,-0.081903118,6.68E-48
4.729285,-0.080989739,5.59E-48
4.72989,-0.080401664,4.67E-48
4.730495,-0.079196927,3.91E-48
4.7311,-0.076180009,3.27E-48
4.731705,-0.071376324,2.73E-48
4.73231,-0.066819223,2.28E-48
4.732915,-0.064979164,1.91E-48
4.73352,-0.06617249,1.59E-48
4.734125,-0.068182647,1.33E-48
4.73473,-0.06861407,1.11E-48
4.735335,-0.066973514,9.28E-49
4.73594,-0.064378184,7.75E-49
4.736545,-0.062027277,6.47E-49
4.73715,-0.060381899,5.40E-49
4.737755,-0.059361919,4.51E-49
4.73836,-0.05862935,3.76E-49
4.738965,-0.057536029,3.14E-49
4.73957,-0.055324773,2.62E-49
4.740175,-0.051899022,2.18E-49
4.74078,-0.048327024,1.82E-49
4.741385,-0.046119624,1.52E-49
4.74199,-0.045775201,1.27E-49
4.742595,-0.046271367,1.06E-49
4.7432,-0.046119986,8.80E-50
4.743805,-0.0446537,7.33E-50
4.74441,-0.042229204,6.11E-50
4.745015,-0.039569736,5.09E-50
4.74562,-0.037185132,4.24E-50
4.746225,-0.035281126,3.53E-50
4.74683,-0.033829637,2.94E-50
4.747435,-0.032422159,2.45E-50
4.74804,-0.03021826,2.04E-50
4.748645,-0.026601743,1.70E-50
4.74925,-0.022184675,1.41E-50
4.749855,-0.018719248,1.18E-50
4.75046,-0.017442723,9.78E-51
4.751065,-0.01769522,8.13E-51
4.75167,-0.017635846,6.77E-51
4.752275,-0.016112571,5.63E-51
4.75288,-0.013429677,4.68E-51
4.753485,-0.010546696,3.89E-51
4.75409,-0.008068286,3.23E-51
4.754695,-0.006064954,2.69E-51
4.7553,-0.004415175,2.23E-51
4.755905,-0.002921073,1.86E-51
4.75651,-0.001195297,1.54E-51
4.757115,0.001155999,1.28E-51
4.75772,0.004030232,1.06E-51
4.758325,0.006691344,8.84E-52
4.75893,0.008431281,7.34E-52
4.759535,0.009336172,6.09E-52
4.76014,0.010160027,5.06E-52
4.760745,0.011532006,4.20E-52
4.76135,0.013527234,3.48E-52
4.761955,0.015862902,2.89E-52
4.76256,0.018188887,2.40E-52
4.763165,0.020190082,1.99E-52
4.76377,0.021680534,1.65E-52
4.764375,0.022786199,1.37E-52
4.76498,0.023984732,1.13E-52
4.765585,0.025782327,9.40E-53
4.76619,0.028191219,7.79E-53
4.766795,0.030542573,6.46E-53
4.7674,0.032035638,5.35E-53
4.768005,0.03257412,4.43E-53
4.76861,0.032882648,3.67E-53
4.769215,0.033735019,3.04E-53
4.76982,0.035261033,2.52E-53
4.770425,0.03704185,2.09E-53
4.77103,0.038641476,1.73E-53
4.771635,0.039897705,1.43E-53
4.77224,0.040837321,1.18E-53
4.772845,0.041553852,9.79E-54
4.77345,0.042231014,8.10E-54
4.774055,0.043112184,6.70E-54
4.77466,0.044271608,5.54E-54
4.775265,0.045440886,4.58E-54
4.77587,0.046223057,3.79E-54
4.776475,0.046551925,3.13E-54
4.77708,0.046833104,2.59E-54
4.777685,0.047540062,2.14E-54
4.77829,0.048752136,1.77E-54
4.778895,0.050162108,1.46E-54
4.7795,0.051437751,1.21E-54
4.780105,0.05247181,9.98E-55
4.78071,0.053342916,8.24E-55
4.781315,0.054177793,6.81E-55
4.78192,0.055100821,5.62E-55
4.782525,0.056213902,4.64E-55
4.78313,0.057480901,3.83E-55
4.783735,0.058624507,3.16E-55
4.78434,0.059290482,2.61E-55
4.784945,0.059427016,2.15E-55
4.78555,0.059429221,1.78E-55
4.786155,0.059812075,1.46E-55
4.78676,0.06078148,1.21E-55
4.787365,0.062142754,9.96E-56
4.78797,0.063505939,8.21E-56
4.788575,0.06452398,6.77E-56
4.78918,0.065062624,5.58E-56
4.789785,0.065285989,4.60E-56
4.79039,0.065566853,3.79E-56
4.790995,0.066179895,3.12E-56
4.7916,0.066996402,2.57E-56
4.792205,0.067531387,2.12E-56
4.79281,0.06739542,1.74E-56
4.793415,0.066734235,1.44E-56
4.79402,0.066158812,1.18E-56
4.794625,0.066194566,9.74E-57
4.79523,0.066861431,8.01E-57
4.795835,0.067820134,6.59E-57
4.79644,0.068789543,5.43E-57
4.797045,0.069694748,4.46E-57
4.79765,0.070493127,3.67E-57
4.798255,0.071067102,3.02E-57
4.79886,0.071374774,2.48E-57
4.799465,0.071572841,2.04E-57
4.80007,0.071837109,1.68E-57
4.800675,0.072081209,1.38E-57
4.80128,0.07197795,1.13E-57
4.801885,0.071333727,9.32E-58
4.80249,0.070395237,7.65E-58
4.803095,0.069690297,6.29E-58
4.8037,0.069567554,5.16E-58
4.804305,0.069947242,4.24E-58
4.80491,0.070468689,3.48E-58
4.805515,0.070777075,2.86E-58
4.80612,0.070693737,2.35E-58
4.806725,0.070262365,1.93E-58
4.80733,0.069719826,1.58E-58
4.807935,0.069326571,1.30E-58
4.80854,0.069086245,1.06E-58
4.809145,0.0686382,8.73E-59
4.80975,0.06753974,7.16E-59
4.810355,0.065731601,5.87E-59
4.81096,0.063702227,4.81E-59
4.811565,0.062130294,3.95E-59
4.81217,0.061372594,3.23E-59
4.812775,0.061317681,2.65E-59
4.81338,0.061618366,2.17E-59
4.813985,0.061927951,1.78E-59
4.81459,0.061982504,1.46E-59
4.815195,0.061669575,1.19E-59
4.8158,0.061121586,9.78E-60
4.816405,0.060652223,8.01E-60
4.81701,0.060449688,6.55E-60
4.817615,0.060280333,5.36E-60
4.81822,0.059603545,4.39E-60
4.818825,0.058125154,3.59E-60
4.81943,0.056204471,2.94E-60
4.820035,0.054565329,2.41E-60
4.82064,0.053627121,1.97E-60
4.821245,0.053256911,1.61E-60
4.82185,0.053103417,1.32E-60
4.822455,0.052939969,1.08E-60
4.82306,0.052651742,8.80E-61
4.823665,0.052119215,7.19E-61
4.82427,0.05130237,5.88E-61
4.824875,0.050373938,4.80E-61
4.82548,0.049574281,3.92E-61
4.826085,0.048871337,3.20E-61
4.82669,0.047882862,2.62E-61
4.827295,0.04624936,2.14E-61
4.8279,0.044070735,1.75E-61
4.828505,0.041903718,1.42E-61
4.82911,0.040328357,1.16E-61
4.829715,0.039570405,9.49E-62
4.83032,0.039479002,7.75E-62
4.830925,0.039685572,6.32E-62
4.83153,0.039744675,5.16E-62
4.832135,0.039308072,4.21E-62
4.83274,0.038356259,3.43E-62
4.833345,0.037270379,2.80E-62
4.83395,0.036522498,2.28E-62
4.834555,0.036173643,1.86E-62
4.83516,0.03573014,1.52E-62
4.835765,0.034615411,1.24E-62
4.83637,0.032800573,1.01E-62
4.836975,0.030882229,8.20E-63
4.83758,0.029504327,6.68E-63
4.838185,0.028796476,5.44E-63
4.83879,0.028402725,4.43E-63
4.839395,0.027896351,3.61E-63
4.84,0.027069535,2.94E-63
4.840605,0.025946361,2.39E-63
4.84121,0.024661798,1.95E-63
4.841815,0.023341367,1.58E-63
4.84242,0.022036104,1.29E-63
4.843025,0.020694122,1.05E-63
4.84363,0.019134905,8.53E-64
4.844235,0.017113079,6.94E-64
4.84484,0.014583307,5.64E-64
4.845445,0.011945998,4.59E-64
4.84605,0.009848554,3.73E-64
4.846655,0.008622421,3.03E-64
4.84726,0.007999376,2.46E-64
4.847865,0.007426461,2.00E-64
4.84847,0.006549608,1.63E-64
4.849075,0.005331861,1.32E-64
4.84968,0.003850223,1.07E-64
4.850285,0.00219673,8.71E-65
4.85089,0.000585145,7.07E-65
4.851495,-0.000693751,5.74E-65
4.8521,-0.001618549,4.66E-65
4.852705,-0.00263447,3.78E-65
4.85331,-0.004269235,3.07E-65
4.853915,-0.006534988,2.49E-65
4.85452,-0.008896313,2.02E-65
4.855125,-0.010843405,1.64E-65
4.85573,-0.012309095,1.33E-65
4.856335,-0.013528299,1.08E-65
4.85694,-0.014717996,8.74E-66
4.857545,-0.015978585,7.09E-66
4.85815,-0.017370775,5.75E-66
4.858755,-0.018940801,4.66E-66
4.85936,-0.020636319,3.77E-66
4.859965,-0.022285119,3.06E-66
4.86057,-0.023772837,2.48E-66
4.861175,-0.025259877,2.01E-66
4.86178,-0.027109956,1.62E-66
4.862385,-0.02947888,1.32E-66
4.86299,-0.032021039,1.06E-66
4.863595,-0.034145276,8.62E-67
4.8642,-0.035550026,6.98E-67
4.864805,-0.03643085,5.65E-67
4.86541,-0.037228719,4.57E-67
4.866015,-0.03827687,3.70E-67
4.86662,-0.039675247,2.99E-67
4.867225,-0.041365007,2.42E-67
4.86783,-0.043158561,1.96E-67
4.868435,-0.044714134,1.58E-67
4.86904,-0.045720749,1.28E-67
4.869645,-0.04630093,1.03E-67
4.87025,-0.047115901,8.35E-68
4.870855,-0.04878561,6.75E-68
4.87146,-0.051189455,5.45E-68
4.872065,-0.053581762,4.40E-68
4.87267,-0.055374846,3.56E-68
4.873275,-0.056580155,2.87E-68
4.87388,-0.057570555,2.32E-68
4.874485,-0.058702304,1.87E-68
4.87509,-0.060188878,1.51E-68
4.875695,-0.062083248,1.22E-68
4.8763,-0.064176236,9.85E-69
4.876905,-0.065984698,7.94E-69
4.87751,-0.067083759,6.41E-69
4.878115,-0.067599008,5.17E-69
4.87872,-0.068302066,4.17E-69
4.879325,-0.06999643,3.36E-69
4.87993,-0.072687838,2.71E-69
4.880535,-0.075491337,2.19E-69
4.88114,-0.077447317,1.76E-69
4.881745,-0.078326743,1.42E-69
4.88235,-0.078640228,1.14E-69
4.882955,-0.079074086,9.22E-70
4.88356,-0.080064262,7.43E-70
4.884165,-0.081739172,5.98E-70
4.88477,-0.083855786,4.82E-70
4.885375,-0.085641439,3.88E-70
4.88598,-0.086134463,3.12E-70
4.886585,-0.085216922,2.51E-70
4.88719,-0.084225423,2.02E-70
4.887795,-0.084929036,1.63E-70
4.8884,-0.087694581,1.31E-70
4.889005,-0.091120871,1.05E-70
4.88961,-0.093618388,8.48E-71
4.890215,-0.094844806,6.82E-71
4.89082,-0.095477629,5.48E-71
4.891425,-0.096160682,4.41E-71
4.89203,-0.097060331,3.54E-71
4.892635,-0.098176032,2.85E-71
4.89324,-0.099518768,2.29E-71
4.893845,-0.100771059,1.84E-71
4.89445,-0.10118848,1.48E-71
4.895055,-0.100387252,1.19E-71
4.89566,-0.099217591,9.54E-72
4.896265,-0.099297767,7.66E-72
4.89687,-0.101358565,6.15E-72
4.897475,-0.104400484,4.94E-72
4.89808,-0.10676272,3.96E-72
4.898685,-0.107666053,3.18E-72
4.89929,-0.107503959,2.55E-72
4.899895,-0.107084746,2.05E-72
4.9005,-0.107016023,1.64E-72
4.901105,-0.107628512,1.32E-72
4.90171,-0.108895999,1.06E-72
4.902315,-0.110087865,8.48E-73
4.90292,-0.109874816,6.80E-73
4.903525,-0.107514661,5.45E-73
4.90413,-0.104186761,4.37E-73
4.904735,-0.102547352,3.50E-73
4.90534,-0.104278934,2.81E-73
4.905945,-0.108301668,2.25E-73
4.90655,-0.111903312,1.80E-73
4.907155,-0.113315446,1.44E-73
4.90776,-0.112787028,1.16E-73
4.908365,-0.111639266,9.25E-74
4.90897,-0.110961476,7.41E-74
4.909575,-0.111163589,5.93E-74
4.91018,-0.112088032,4.74E-74
4.910785,-0.112979048,3.80E-74
4.91139,-0.112585432,3.04E-74
4.911995,-0.110098264,2.43E-74
4.9126,-0.106379366,1.94E-74
4.913205,-0.103782465,1.56E-74
4.91381,-0.104070438,1.24E-74
4.914415,-0.106583439,9.94E-75
4.91502,-0.108961431,7.95E-75
4.915625,-0.109494052,6.35E-75
4.91623,-0.10827779,5.08E-75
4.916835,-0.106380005,4.06E-75
4.91744,-0.104647121,3.24E-75
4.918045,-0.103488897,2.59E-75
4.91865,-0.103118496,2.07E-75
4.919255,-0.103203601,1.65E-75
4.91986,-0.102375999,1.32E-75
4.920465,-0.099057509,1.05E-75
4.92107,-0.093488243,8.41E-76
4.921675,-0.088487588,6.71E-76
4.92228,-0.087166176,5.36E-76
4.922885,-0.089733344,4.27E-76
4.92349,-0.093285165,3.41E-76
4.924095,-0.094784075,2.72E-76
4.9247,-0.093584671,2.17E-76
4.925305,-0.091125899,1.73E-76
4.92591,-0.089025844,1.38E-76
4.926515,-0.08789755,1.10E-76
4.92712,-0.087513309,8.76E-77
4.927725,-0.087282425,6.98E-77
4.92833,-0.086323105,5.57E-77
4.928935,-0.083723404,4.43E-77
4.92954,-0.079516708,3.53E-77
4.930145,-0.075341092,2.81E-77
4.93075,-0.07334763,2.24E-77
4.931355,-0.07409339,1.78E-77
4.93196,-0.075955789,1.42E-77
4.932565,-0.076794839,1.13E-77
4.93317,-0.075722328,9.00E-78
4.933775,-0.073228266,7.16E-78
4.93438,-0.070294673,5.70E-78
4.934985,-0.067782861,4.53E-78
4.93559,-0.066236307,3.61E-78
4.936195,-0.065546835,2.87E-78
4.9368,-0.064587803,2.28E-78
4.937405,-0.061715943,1.81E-78
4.93801,-0.056395855,1.44E-78
4.938615,-0.050433937,1.15E-78
4.93922,-0.046864262,9.11E-79
4.939825,-0.04703201,7.24E-79
4.94043,-0.049161829,5.75E-79
4.941035,-0.050243056,4.57E-79
4.94164,-0.048893976,3.63E-79
4.942245,-0.046002038,2.88E-79
4.94285,-0.043126848,2.29E-79
4.943455,-0.040995243,1.82E-79
4.94406,-0.039461565,1.44E-79
4.944665,-0.038190534,1.14E-79
4.94527,-0.036848969,9.09E-80
4.945875,-0.034901286,7.21E-80
4.94648,-0.031901541,5.72E-80
4.947085,-0.02824329,4.54E-80
4.94769,-0.025219205,3.60E-80
4.948295,-0.023874172,2.85E-80
4.9489,-0.023883699,2.26E-80
4.949505,-0.023875848,1.79E-80
4.95011,-0.022744164,1.42E-80
4.950715,-0.020411063,1.13E-80
4.95132,-0.017519647,8.93E-81
4.951925,-0.014755611,7.08E-81
4.95253,-0.012502902,5.60E-81
4.953135,-0.010822907,4.44E-81
4.95374,-0.009402661,3.52E-81
4.954345,-0.007543825,2.78E-81
4.95495,-0.004612804,2.20E-81
4.955555,-0.000826106,1.74E-81
4.95616,0.002572421,1.38E-81
4.956765,0.004368809,1.09E-81
4.95737,0.004689152,8.65E-82
4.957975,0.004898528,6.84E-82
4.95858,0.00615994,5.41E-82
4.959185,0.008441322,4.28E-82
4.95979,0.010942358,3.39E-82
4.960395,0.013087436,2.68E-82
4.961,0.014876928,2.12E-82
4.961605,0.016499207,1.67E-82
4.96221,0.018021577,1.32E-82
4.962815,0.01956477,1.04E-82
4.96342,0.021429756,8.25E-83
4.964025,0.023716902,6.52E-83
4.96463,0.025920061,5.15E-83
4.965235,0.027278721,4.07E-83
4.96584,0.027656024,3.21E-83
4.966445,0.027789103,2.54E-83
4.96705,0.028543219,2.00E-83
4.967655,0.030154761,1.58E-83
4.96826,0.032262872,1.25E-83
4.968865,0.03438681,9.84E-84
4.96947,0.036204598,7.76E-84
4.970075,0.037565009,6.12E-84
4.97068,0.03852201,4.83E-84
4.971285,0.039410644,3.81E-84
4.97189,0.04069359,3.00E-84
4.972495,0.042534954,2.37E-84
4.9731,0.044511133,1.87E-84
4.973705,0.045926721,1.47E-84
4.97431,0.046547794,1.16E-84
4.974915,0.046869497,9.13E-85
4.97552,0.047533342,7.19E-85
4.976125,0.048679096,5.67E-85
4.97673,0.050001798,4.46E-85
4.977335,0.051222006,3.51E-85
4.97794,0.052295109,2.77E-85
4.978545,0.053266706,2.18E-85
4.97915,0.054141968,1.71E-85
4.979755,0.05495434,1.35E-85
4.98036,0.055840716,1.06E-85
4.980965,0.056909518,8.35E-86
4.98157,0.058016115,6.57E-86
4.982175,0.058797917,5.17E-86
4.98278,0.059061226,4.06E-86
4.983385,0.059071711,3.19E-86
4.98399,0.0593307,2.51E-86
4.984595,0.060104927,1.97E-86
4.9852,0.061265784,1.55E-86
4.985805,0.062513173,1.22E-86
4.98641,0.063628752,9.58E-87
4.987015,0.064537444,7.53E-87
4.98762,0.065276802,5.91E-87
4.988225,0.065982312,4.64E-87
4.98883,0.066802811,3.65E-87
4.989435,0.067714935,2.86E-87
4.99004,0.068445564,2.25E-87
4.990645,0.068692466,1.76E-87
4.99125,0.068484725,1.38E-87
4.991855,0.06824648,1.09E-87
4.99246,0.068403325,8.52E-88
4.993065,0.06898451,6.68E-88
4.99367,0.069691726,5.24E-88
4.994275,0.070258666,4.11E-88
4.99488,0.070640877,3.22E-88
4.995485,0.070931041,2.53E-88
4.99609,0.071210951,1.98E-88
4.996695,0.071508716,1.55E-88
4.9973,0.07182338,1.22E-88
4.997905,0.072083499,9.53E-89
4.99851,0.072071352,7.47E-89
4.999115,0.071529987,5.85E-89
4.99972,0.070484125,4.58E-89
5.000325,0.069400833,3.59E-89
5.00093,0.068866322,2.81E-89
5.001535,0.069072581,2.20E-89
5.00214,0.069703149,1.72E-89
5.002745,0.070300122,1.35E-89
5.00335,0.070643424,1.05E-89
5.003955,0.070778231,8.24E-90
5.00456,0.070810038,6.45E-90
5.005165,0.070795811,5.04E-90
5.00577,0.070781872,3.94E-90
5.006375,0.070773696,3.08E-90
5.00698,0.070619181,2.41E-90
5.007585,0.070063043,1.88E-90
5.00819,0.069044758,1.47E-90
5.008795,0.06788938,1.15E-90
5.0094,0.067067941,8.99E-91
5.010005,0.066764087,7.03E-91
5.01061,0.066764489,5.49E-91
5.011215,0.066751621,4.29E-91
5.01182,0.066584088,3.35E-91
5.012425,0.066261949,2.61E-91
5.01303,0.065757316,2.04E-91
5.013635,0.065043044,1.59E-91
5.01424,0.064250417,1.24E-91
5.014845,0.063585389,9.69E-92
5.01545,0.062985911,7.56E-92
5.016055,0.062004382,5.90E-92
5.01666,0.060232489,4.60E-92
5.017265,0.057856284,3.59E-92
5.01787,0.05564379,2.80E-92
5.018475,0.054326183,2.18E-92
5.01908,0.054035763,1.70E-92
5.019685,0.054296116,1.33E-92
5.02029,0.054451816,1.03E-92
5.020895,0.054138179,8.05E-93
5.0215,0.053466041,6.27E-93
5.022105,0.052822805,4.88E-93
5.02271,0.052474321,3.80E-93
5.023315,0.052306748,2.96E-93
5.02392,0.051905878,2.31E-93
5.024525,0.050888367,1.79E-93
5.02513,0.049242529,1.40E-93
5.025735,0.047414862,1.09E-93
5.02634,0.045995625,8.46E-94
5.026945,0.04522683,6.58E-94
5.02755,0.044843281,5.12E-94
5.028155,0.044423948,3.98E-94
5.02876,0.043807101,3.10E-94
5.029365,0.043096539,2.41E-94
5.02997,0.042376633,1.87E-94
5.030575,0.041595512,1.46E-94
5.03118,0.040738796,1.13E-94
5.031785,0.039932952,8.79E-95
5.03239,0.039214567,6.83E-95
5.032995,0.038278459,5.30E-95
5.0336,0.036684469,4.12E-95
5.034205,0.034399849,3.20E-95
5.03481,0.032003225,2.48E-95
5.035415,0.030224883,1.93E-95
5.03602,0.029331827,1.50E-95
5.036625,0.029020181,1.16E-95
5.03723,0.028794351,9.02E-96
5.037835,0.028337087,7.00E-96
5.03844,0.027597839,5.43E-96
5.039045,0.026692793,4.21E-96
5.03965,0.025784111,3.27E-96
5.040255,0.024984329,2.53E-96
5.04086,0.024262553,1.96E-96
5.041465,0.023403186,1.52E-96
5.04207,0.022124008,1.18E-96
5.042675,0.020339665,9.15E-97
5.04328,0.018329646,7.09E-97
5.043885,0.016558458,5.49E-97
5.04449,0.015289467,4.26E-97
5.045095,0.014429652,3.30E-97
5.0457,0.013729468,2.55E-97
5.046305,0.013007834,1.98E-97
5.04691,0.012133387,1.53E-97
5.047515,0.010914355,1.19E-97
5.04812,0.009213627,9.17E-98
5.048725,0.007214406,7.10E-98
5.04933,0.00536159,5.49E-98
5.049935,0.003864444,4.25E-98
5.05054,0.002374983,3.29E-98
5.051145,0.00037937,2.54E-98
5.05175,-0.002119265,1.97E-98
5.052355,-0.004534206,1.52E-98
5.05296,-0.006341178,1.18E-98
5.053565,-0.00757653,9.09E-99
5.05417,-0.008639339,7.02E-99
5.054775,-0.009819504,5.43E-99
5.05538,-0.011149008,4.19E-99
5.055985,-0.012571004,3.24E-99
5.05659,-0.014059147,2.50E-99
5.057195,-0.015558731,1.93E-99
5.0578,-0.016951646,1.49E-99
5.058405,-0.018189888,1.15E-99
5.05901,-0.019447837,8.90E-100
5.059615,-0.021039489,6.87E-100
5.06022,-0.023101785,5.30E-100
5.060825,-0.025397912,4.09E-100
5.06143,-0.027512528,3.15E-100
5.062035,-0.029207894,2.43E-100
5.06264,-0.030546368,1.88E-100
5.063245,-0.031750579,1.45E-100
5.06385,-0.033027611,1.12E-100
5.064455,-0.034498861,8.60E-101
5.06506,-0.036208163,6.63E-101
5.065665,-0.038095392,5.11E-101
5.06627,-0.039946468,3.94E-101
5.066875,-0.04151224,3.04E-101
5.06748,-0.042818166,2.34E-101
5.068085,-0.044269798,1.80E-101
5.06869,-0.046228333,1.39E-101
5.069295,-0.048494528,1.07E-101
5.0699,-0.050466476,8.22E-102
5.070505,-0.051818863,6.33E-102
5.07111,-0.052762532,4.87E-102
5.071715,-0.053641237,3.75E-102
5.07232,-0.054596114,2.89E-102
5.072925,-0.055723045,2.22E-102
5.07353,-0.057244008,1.71E-102
5.074135,-0.059203371,1.31E-102
5.07474,-0.061079849,1.01E-102
5.075345,-0.06208266,7.77E-103
5.07595,-0.062061546,5.97E-103
5.076555,-0.061962131,4.59E-103
5.07716,-0.063046423,3.53E-103
5.077765,-0.065606349,2.71E-103
5.07837,-0.068701665,2.08E-103
5.078975,-0.071182492,1.60E-103
5.07958,-0.072677546,1.23E-103
5.080185,-0.07359753,9.44E-104
5.08079,-0.074536793,7.25E-104
5.081395,-0.075833808,5.57E-104
5.082,-0.07752918,4.27E-104
5.082605,-0.079438571,3.28E-104
5.08321,-0.081127828,2.52E-104
5.083815,-0.082064843,1.93E-104
5.08442,-0.082168055,1.48E-104
5.085025,-0.082218062,1.14E-104
5.08563,-0.083349031,8.72E-105
5.086235,-0.085895864,6.69E-105
5.08684,-0.088975013,5.13E-105
5.087445,-0.091376956,3.93E-105
5.08805,-0.092622149,3.01E-105
5.088655,-0.093067816,2.31E-105
5.08926,-0.093364875,1.77E-105
5.089865,-0.094053976,1.36E-105
5.09047,-0.095444556,1.04E-105
5.091075,-0.097425974,7.96E-106
5.09168,-0.099208553,6.09E-106
5.092285,-0.099608479,4.67E-106
5.09289,-0.098164165,3.57E-106
5.093495,-0.096100979,2.74E-106
5.0941,-0.095656239,2.09E-106
5.094705,-0.097953323,1.60E-106
5.09531,-0.101806108,1.23E-106
5.095915,-0.104997065,9.38E-107
5.09652,-0.106396469,7.18E-107
5.097125,-0.106513047,5.49E-107
5.09773,-0.106431726,4.20E-107
5.098335,-0.106789399,3.21E-107
5.09894,-0.107707043,2.45E-107
5.099545,-0.109074171,1.88E-107
5.10015,-0.11038125,1.43E-107
5.100755,-0.110569027,1.10E-107
5.10136,-0.108887306,8.37E-108
5.101965,-0.106210709,6.39E-108
5.10257,-0.104835249,4.88E-108
5.103175,-0.106295313,3.73E-108
5.10378,-0.109694648,2.85E-108
5.104385,-0.112734071,2.17E-108
5.10499,-0.114008478,1.66E-108
5.105595,-0.113788522,1.27E-108
5.1062,-0.113041626,9.67E-109
5.106805,-0.11246967,7.38E-109
5.10741,-0.112438911,5.63E-109
5.108015,-0.113065091,4.30E-109
5.10862,-0.113788025,3.28E-109
5.109225,-0.1131457,2.50E-109
5.10983,-0.109880125,1.91E-109
5.110435,-0.104831273,1.45E-109
5.11104,-0.101170779,1.11E-109
5.111645,-0.101694933,8.44E-110
5.11225,-0.105847052,6.43E-110
5.112855,-0.110220035,4.90E-110
5.11346,-0.111958412,3.73E-110
5.114065,-0.110946261,2.84E-110
5.11467,-0.108888791,2.17E-110
5.115275,-0.107296682,1.65E-110
5.11588,-0.106674049,1.26E-110
5.116485,-0.106818338,9.56E-111
5.11709,-0.107012893,7.28E-111
5.117695,-0.106080554,5.54E-111
5.1183,-0.103146398,4.21E-111
5.118905,-0.098819893,3.21E-111
5.11951,-0.095227724,2.44E-111
5.120115,-0.094268121,1.85E-111
5.12072,-0.095801953,1.41E-111
5.121325,-0.097893629,1.07E-111
5.12193,-0.098693231,8.15E-112
5.122535,-0.09772004,6.20E-112
5.12314,-0.09559629,4.71E-112
5.123745,-0.093208073,3.58E-112
5.12435,-0.091293207,2.72E-112
5.124955,-0.090328903,2.07E-112
5.12556,-0.09013175,1.57E-112
5.126165,-0.089410425,1.19E-112
5.12677,-0.086391541,9.05E-113
5.127375,-0.080748301,6.87E-113
5.12798,-0.074862202,5.22E-113
5.128585,-0.072187895,3.96E-113
5.12919,-0.073841325,3.01E-113
5.129795,-0.077386822,2.28E-113
5.1304,-0.079356285,1.73E-113
5.131005,-0.078397827,1.31E-113
5.13161,-0.075720588,9.96E-114
5.132215,-0.073197096,7.55E-114
5.13282,-0.071687877,5.73E-114
5.133425,-0.07095338,4.34E-114
5.13403,-0.070354518,3.29E-114
5.134635,-0.069165842,2.49E-114
5.13524,-0.066668208,1.89E-114
5.135845,-0.062755939,1.43E-114
5.13645,-0.058584664,1.08E-114
5.137055,-0.055966675,8.22E-115
5.13766,-0.055675895,6.22E-115
5.138265,-0.056655374,4.71E-115
5.13887,-0.057139978,3.57E-115
5.139475,-0.056173224,2.70E-115
5.14008,-0.053891644,2.04E-115
5.140685,-0.050937706,1.55E-115
5.14129,-0.048043833,1.17E-115
5.141895,-0.045883762,8.86E-116
5.1425,-0.044732758,6.70E-116
5.143105,-0.043964721,5.07E-116
5.14371,-0.042102948,3.83E-116
5.144315,-0.037993238,2.90E-116
5.14492,-0.032354992,2.19E-116
5.145525,-0.027775043,1.66E-116
5.14613,-0.026402732,1.25E-116
5.146735,-0.027684749,9.46E-117
5.14734,-0.028974949,7.15E-117
5.147945,-0.028251837,5.40E-117
5.14855,-0.025660783,4.08E-117
5.149155,-0.022617364,3.08E-117
5.14976,-0.020175316,2.33E-117
5.150365,-0.018447416,1.76E-117
5.15097,-0.017046703,1.33E-117
5.151575,-0.015535942,1.00E-117
5.15218,-0.013503833,7.56E-118
5.152785,-0.010692495,5.70E-118
5.15339,-0.007359929,4.30E-118
5.153995,-0.00435278,3.25E-118
5.1546,-0.002457521,2.45E-118
5.155205,-0.001613813,1.85E-118
5.15581,-0.000985341,1.39E-118
5.156415,0.000216265,1.05E-118
5.15702,0.002185098,7.91E-119
5.157625,0.004654647,5.96E-119
5.15823,0.007236496,4.49E-119
5.158835,0.009571451,3.39E-119
5.15944,0.011383256,2.55E-119
5.160045,0.012669529,1.92E-119
5.16065,0.013937114,1.45E-119
5.161255,0.016007866,1.09E-119
5.16186,0.019204547,8.20E-120
5.162465,0.022680531,6.18E-120
5.16307,0.024977456,4.65E-120
5.163675,0.025512341,3.50E-120
5.16428,0.025227007,2.63E-120
5.164885,0.025566947,1.98E-120
5.16549,0.027100019,1.49E-120
5.166095,0.029293954,1.12E-120
5.1667,0.031351058,8.43E-121
5.167305,0.032943685,6.34E-121
5.16791,0.034173475,4.76E-121
5.168515,0.035183859,3.58E-121
5.16912,0.036107795,2.69E-121
5.169725,0.037218659,2.02E-121
5.17033,0.038739838,1.52E-121
5.170935,0.040452404,1.14E-121
5.17154,0.041790934,8.58E-122
5.172145,0.042483932,6.44E-122
5.17275,0.042892774,4.84E-122
5.173355,0.043583381,3.63E-122
5.17396,0.044774954,2.73E-122
5.174565,0.046317729,2.05E-122
5.17517,0.047971827,1.54E-122
5.175775,0.049537682,1.15E-122
5.17638,0.050846652,8.65E-123
5.176985,0.051830734,6.49E-123
5.17759,0.052660993,4.87E-123
5.178195,0.053711517,3.65E-123
5.1788,0.055230349,2.74E-123
5.179405,0.056980144,2.05E-123
5.18001,0.058309588,1.54E-123
5.180615,0.05874956,1.15E-123
5.18122,0.058535199,8.64E-124
5.181825,0.058418924,6.47E-124
5.18243,0.058988489,4.85E-124
5.183035,0.060235726,3.63E-124
5.18364,0.06170609,2.72E-124
5.184245,0.06295059,2.04E-124
5.18485,0.063829866,1.53E-124
5.185455,0.06447058,1.14E-124
5.18606,0.065050682,8.55E-125
5.186665,0.065663004,6.40E-125
5.18727,0.066271916,4.79E-125
5.187875,0.066702225,3.58E-125
5.18848,0.066751718,2.68E-125
5.189085,0.066446465,2.00E-125
5.18969,0.066140197,1.50E-125
5.190295,0.066234689,1.12E-125
5.1909,0.066826065,8.38E-126
5.191505,0.06770125,6.26E-126
5.19211,0.068610754,4.68E-126
5.192715,0.069437027,3.50E-126
5.19332,0.070127631,2.61E-126
5.193925,0.070611398,1.95E-126
5.19453,0.070885815,1.46E-126
5.195135,0.071116203,1.09E-126
5.19574,0.071485767,8.14E-127
5.196345,0.071916054,6.08E-127
5.19695,0.072075653,4.54E-127
5.197555,0.071785051,3.39E-127
5.19816,0.071335735,2.53E-127
5.198765,0.071235781,1.89E-127
5.19937,0.071649398,1.41E-127
5.199975,0.072260565,1.05E-127
5.20058,0.072706876,7.83E-128
5.201185,0.072956349,5.84E-128
5.20179,0.073161077,4.35E-128
5.202395,0.073307493,3.24E-128
5.203,0.073221472,2.42E-128
5.203605,0.072874214,1.80E-128
5.20421,0.072452449,1.34E-128
5.204815,0.0720449,1.00E-128
5.20542,0.071420995,7.46E-129
5.206025,0.070289526,5.56E-129
5.20663,0.068750891,4.14E-129
5.207235,0.067336246,3.08E-129
5.20784,0.066545427,2.29E-129
5.208445,0.066446049,1.71E-129
5.20905,0.066743858,1.27E-129
5.209655,0.067096357,9.46E-130
5.21026,0.067283356,7.04E-130
5.210865,0.067201638,5.24E-130
5.21147,0.066856325,3.90E-130
5.212075,0.066374019,2.90E-130
5.21268,0.065913751,2.16E-130
5.213285,0.065475305,1.60E-130
5.21389,0.064829802,1.19E-130
5.214495,0.063749899,8.86E-131
5.2151,0.062334115,6.58E-131
5.215705,0.060993617,4.89E-131
5.21631,0.06006617,3.64E-131
5.216915,0.059542812,2.70E-131
5.21752,0.059198627,2.01E-131
5.218125,0.058849798,1.49E-131
5.21873,0.058414164,1.11E-131
5.219335,0.057827876,8.22E-132
5.21994,0.057028936,6.10E-132
5.220545,0.056049459,4.53E-132
5.22115,0.055044398,3.36E-132
5.221755,0.05411026,2.49E-132
5.22236,0.053060434,1.85E-132
5.222965,0.051526995,1.37E-132
5.22357,0.049417254,1.02E-132
5.224175,0.047194888,7.55E-133
5.22478,0.045555108,5.60E-133
5.225385,0.044831306,4.15E-133
5.22599,0.044799695,3.08E-133
5.226595,0.044979287,2.28E-133
5.2272,0.04496897,1.69E-133
5.227805,0.044542636,1.25E-133
5.22841,0.043664439,9.28E-134
5.229015,0.042559328,6.87E-134
5.22962,0.041634236,5.09E-134
5.230225,0.041115695,3.77E-134
5.23083,0.0407489,2.79E-134
5.231435,0.039990103,2.07E-134
5.23204,0.038564165,1.53E-134
5.232645,0.036771574,1.13E-134
5.23325,0.035194235,8.38E-135
5.233855,0.034172629,6.20E-135
5.23446,0.033623927,4.58E-135
5.235065,0.033229147,3.39E-135
5.23567,0.032664072,2.51E-135
5.236275,0.031755339,1.85E-135
5.23688,0.030573405,1.37E-135
5.237485,0.029374852,1.01E-135
5.23809,0.02838191,7.49E-136
5.238695,0.027569163,5.54E-136
5.2393,0.026630868,4.09E-136
5.239905,0.025184154,3.02E-136
5.24051,0.02311908,2.23E-136
5.241115,0.020805657,1.65E-136
5.24172,0.01886027,1.22E-136
5.242325,0.017636983,8.99E-137
5.24293,0.017001101,6.64E-137
5.243535,0.016580301,4.90E-137
5.24414,0.016096546,3.62E-137
5.244745,0.015427834,2.67E-137
5.24535,0.014511243,1.97E-137
5.245955,0.013349137,1.45E-137
5.24656,0.012095168,1.07E-137
5.247165,0.010979836,7.90E-138
5.24777,0.010048984,5.83E-138
5.248375,0.009026022,4.29E-138
5.24898,0.007558104,3.17E-138
5.249585,0.005631667,2.33E-138
5.25019,0.003629667,1.72E-138
5.250795,0.001931981,1.27E-138
5.2514,0.000591132,9.34E-139
5.252005,-0.000569017,6.88E-139
5.25261,-0.001711156,5.06E-139
5.253215,-0.002925489,3.73E-139
5.25382,-0.004300527,2.75E-139
5.254425,-0.005934014,2.02E-139
5.25503,-0.007843788,1.49E-139
5.255635,-0.009897681,1.10E-139
5.25624,-0.011894091,8.06E-140
5.256845,-0.013770127,5.93E-140
5.25745,-0.0156985,4.36E-140
5.258055,-0.017867796,3.21E-140
5.25866,-0.0201723,2.36E-140
5.259265,-0.022259365,1.74E-140
5.25987,-0.023896272,1.28E-140
5.260475,-0.025164497,9.38E-141
5.26108,-0.026301743,6.89E-141
5.261685,-0.027505297,5.07E-141
5.26229,-0.028924955,3.72E-141
5.262895,-0.030673735,2.73E-141
5.2635,-0.032665957,2.01E-141
5.264105,-0.034500769,1.48E-141
5.26471,-0.035746724,1.08E-141
5.265315,-0.036477106,7.96E-142
5.26592,-0.037386803,5.84E-142
5.266525,-0.039141619,4.29E-142
5.26713,-0.041621311,3.15E-142
5.267735,-0.044045172,2.31E-142
5.26834,-0.045843677,1.69E-142
5.268945,-0.047127636,1.24E-142
5.26955,-0.048302407,9.12E-143
5.270155,-0.049568601,6.69E-143
5.27076,-0.050947952,4.90E-143
5.271365,-0.0525458,3.59E-143
5.27197,-0.054471062,2.63E-143
5.272575,-0.056493242,1.93E-143
5.27318,-0.058082905,1.42E-143
5.273785,-0.059015404,1.04E-143
5.27439,-0.059816592,7.60E-144
5.274995,-0.0613343,5.57E-144
5.2756,-0.063813484,4.08E-144
5.276205,-0.066611496,2.98E-144
5.27681,-0.068882119,2.19E-144
5.277415,-0.070313063,1.60E-144
5.27802,-0.071170493,1.17E-144
5.278625,-0.071912187,8.57E-145
5.27923,-0.072912583,6.27E-145
5.279835,-0.074397815,4.59E-145
5.28044,-0.076328647,3.36E-145
5.281045,-0.078178209,2.46E-145
5.28165,-0.079070775,1.80E-145
5.282255,-0.078617939,1.31E-145
5.28286,-0.077744589,9.60E-146
5.283465,-0.07821014,7.02E-146
5.28407,-0.080878493,5.13E-146
5.284675,-0.084730046,3.75E-146
5.28528,-0.087923091,2.74E-146
5.285885,-0.089519367,2.00E-146
5.28649,-0.089921141,1.46E-146
5.287095,-0.090058467,1.07E-146
5.2877,-0.090606964,7.80E-147
5.288305,-0.091836746,5.69E-147
5.28891,-0.093657134,4.16E-147
5.289515,-0.095483403,3.03E-147
5.29012,-0.09637409,2.21E-147
5.290725,-0.095857384,1.62E-147
5.29133,-0.094741363,1.18E-147
5.291935,-0.094697139,8.60E-148
5.29254,-0.096680958,6.27E-148
5.293145,-0.099947417,4.58E-148
5.29375,-0.102866741,3.34E-148
5.294355,-0.104450901,2.43E-148
5.29496,-0.104868393,1.77E-148
5.295565,-0.104842915,1.29E-148
5.29617,-0.104989386,9.42E-149
5.296775,-0.105681333,6.86E-149
5.29738,-0.107036199,5.00E-149
5.297985,-0.108523398,3.64E-149
5.29859,-0.108793142,2.65E-149
5.299195,-0.106744571,1.93E-149
5.2998,-0.103225041,1.41E-149
5.300405,-0.101045307,1.02E-149
5.30101,-0.102437658,7.46E-150
5.301615,-0.10667303,5.43E-150
5.30222,-0.110853926,3.95E-150
5.302825,-0.112813229,2.87E-150
5.30343,-0.112653744,2.09E-150
5.304035,-0.11180731,1.52E-150
5.30464,-0.111407305,1.11E-150
5.305245,-0.111718634,8.04E-151
5.30585,-0.112500002,5.85E-151
5.306455,-0.113230266,4.25E-151
5.30706,-0.113046103,3.09E-151
5.307665,-0.111219986,2.24E-151
5.30827,-0.108233853,1.63E-151
5.308875,-0.106006752,1.18E-151
5.30948,-0.106291706,8.61E-152
5.310085,-0.108812222,6.25E-152
5.31069,-0.111545147,4.54E-152
5.311295,-0.112766732,3.30E-152
5.3119,-0.112259283,2.39E-152
5.312505,-0.110747892,1.74E-152
5.31311,-0.109030367,1.26E-152
5.313715,-0.10783377,9.15E-153
5.31432,-0.107711854,6.64E-153
5.314925,-0.108321415,4.82E-153
5.31553,-0.107985828,3.49E-153
5.316135,-0.104877237,2.53E-153
5.31674,-0.099241983,1.84E-153
5.317345,-0.094068895,1.33E-153
5.31795,-0.09265786,9.66E-154
5.318555,-0.095344935,7.00E-154
5.31916,-0.09921022,5.07E-154
5.319765,-0.101073939,3.68E-154
5.32037,-0.100182024,2.66E-154
5.320975,-0.097975367,1.93E-154
5.32158,-0.096070805,1.40E-154
5.322185,-0.095002599,1.01E-154
5.32279,-0.094533723,7.33E-155
5.323395,-0.094279599,5.30E-155
5.324,-0.093584607,3.84E-155
5.324605,-0.091426211,2.78E-155
5.32521,-0.087437199,2.01E-155
5.325815,-0.083053808,1.45E-155
5.32642,-0.080702071,1.05E-155
5.327025,-0.081361545,7.61E-156
5.32763,-0.083509778,5.51E-156
5.328235,-0.084806035,3.98E-156
5.32884,-0.084210146,2.88E-156
5.329445,-0.082189743,2.08E-156
5.33005,-0.079642347,1.50E-156
5.330655,-0.077279149,1.09E-156
5.33126,-0.075663559,7.85E-157
5.331865,-0.074960827,5.67E-157
5.33247,-0.074318669,4.10E-157
5.333075,-0.072035958,2.96E-157
5.33368,-0.067143105,2.14E-157
5.334285,-0.061017336,1.54E-157
5.33489,-0.0567885,1.11E-157
5.335495,-0.056476559,8.04E-158
5.3361,-0.058927887,5.81E-158
5.336705,-0.061053113,4.19E-158
5.33731,-0.060806704,3.02E-158
5.337915,-0.058526973,2.18E-158
5.33852,-0.05577806,1.57E-158
5.339125,-0.053627083,1.13E-158
5.33973,-0.052158898,8.18E-159
5.340335,-0.051020793,5.90E-159
5.34094,-0.049739662,4.25E-159
5.341545,-0.047618682,3.06E-159
5.34215,-0.044127577,2.21E-159
5.342755,-0.03980841,1.59E-159
5.34336,-0.036311495,1.15E-159
5.343965,-0.034935604,8.26E-160
5.34457,-0.035275245,5.95E-160
5.345175,-0.035710408,4.28E-160
5.34578,-0.034994849,3.08E-160
5.346385,-0.032993767,2.22E-160
5.34699,-0.030222757,1.60E-160
5.347595,-0.027260266,1.15E-160
5.3482,-0.024616765,8.28E-161
5.348805,-0.022681535,5.96E-161
5.34941,-0.021342805,4.29E-161
5.350015,-0.019671127,3.08E-161
5.35062,-0.016491488,2.22E-161
5.351225,-0.011766632,1.59E-161
5.35183,-0.007239296,1.15E-161
5.352435,-0.005021377,8.24E-162
5.35304,-0.00537389,5.92E-162
5.353645,-0.006400036,4.26E-162
5.35425,-0.006046413,3.06E-162
5.354855,-0.003910337,2.20E-162
5.35546,-0.001023431,1.58E-162
5.356065,0.001559276,1.13E-162
5.35667,0.003586879,8.14E-163
5.357275,0.005303876,5.85E-163
5.35788,0.006890168,4.20E-163
5.358485,0.00848942,3.01E-163
5.35909,0.01046045,2.16E-163
5.359695,0.013070759,1.55E-163
5.3603,0.01590968,1.11E-163
5.360905,0.018072491,7.99E-164
5.36151,0.019147235,5.73E-164
5.362115,0.019693679,4.11E-164
5.36272,0.020580452,2.95E-164
5.363325,0.022176356,2.11E-164
5.36393,0.024301692,1.51E-164
5.364535,0.026593426,1.09E-164
5.36514,0.028694098,7.78E-165
5.365745,0.03031179,5.57E-165
5.36635,0.031409285,3.99E-165
5.366955,0.032395471,2.86E-165
5.36756,0.033935392,2.05E-165
5.368165,0.036331435,1.47E-165
5.36877,0.039044511,1.05E-165
5.369375,0.041045441,7.52E-166
5.36998,0.041829056,5.38E-166
5.370585,0.041937133,3.85E-166
5.37119,0.042335081,2.76E-166
5.371795,0.043475373,1.97E-166
5.3724,0.045102121,1.41E-166
5.373005,0.046729594,1.01E-166
5.37361,0.048098728,7.22E-167
5.374215,0.049232974,5.16E-167
5.37482,0.05022276,3.69E-167
5.375425,0.051097019,2.64E-167
5.37603,0.051919577,1.89E-167
5.376635,0.052840547,1.35E-167
5.37724,0.05388154,9.64E-168
5.377845,0.054769563,6.88E-168
5.37845,0.055228551,4.92E-168
5.379055,0.055408876,3.51E-168
5.37966,0.055795044,2.51E-168
5.380265,0.056691241,1.79E-168
5.38087,0.05796199,1.28E-168
5.381475,0.059251148,9.13E-169
5.38208,0.060325439,6.51E-169
5.382685,0.061194667,4.65E-169
5.38329,0.061985648,3.32E-169
5.383895,0.062795277,2.37E-169
5.3845,0.063679954,1.69E-169
5.385105,0.064670835,1.20E-169
5.38571,0.0656785,8.58E-170
5.386315,0.066446045,6.12E-170
5.38692,0.066779471,4.36E-170
5.387525,0.066832338,3.11E-170
5.38813,0.066992642,2.22E-170
5.388735,0.0674815,1.58E-170
5.38934,0.068208895,1.13E-170
5.389945,0.068984827,8.02E-171
5.39055,0.069698255,5.71E-171
5.391155,0.070287095,4.07E-171
5.39176,0.070693058,2.90E-171
5.392365,0.070937506,2.06E-171
5.39297,0.071166416,1.47E-171
5.393575,0.071486811,1.04E-171
5.39418,0.071736945,7.43E-172
5.394785,0.071544641,5.29E-172
5.39539,0.070741319,3.76E-172
5.395995,0.069680929,2.68E-172
5.3966,0.069007111,1.90E-172
5.397205,0.069079793,1.35E-172
5.39781,0.069703927,9.62E-173
5.398415,0.070394245,6.84E-173
5.39902,0.070814312,4.86E-173
5.399625,0.070961133,3.45E-173
5.40023,0.071017702,2.46E-173
5.400835,0.071115703,1.74E-173
5.40144,0.071244281,1.24E-173
5.402045,0.071301407,8.80E-174
5.40265,0.071156154,6.25E-174
5.403255,0.07069255,4.44E-174
5.40386,0.069908007,3.15E-174
5.404465,0.0690076,2.24E-174
5.40507,0.068298788,1.59E-174
5.405675,0.06793614,1.13E-174
5.40628,0.067843365,7.99E-175
5.406885,0.067890824,5.67E-175
5.40749,0.068024913,4.02E-175
5.408095,0.068176841,2.85E-175
5.4087,0.068172145,2.02E-175
5.409305,0.067873776,1.43E-175
5.40991,0.0673868,1.02E-175
5.410515,0.066956215,7.21E-176
5.41112,0.066584956,5.11E-176
5.411725,0.065877184,3.62E-176
5.41233,0.06443664,2.56E-176
5.412935,0.062431041,1.82E-176
5.41354,0.060604655,1.29E-176
5.414145,0.059642317,9.11E-177
5.41475,0.059592598,6.45E-177
5.415355,0.059939747,4.57E-177
5.41596,0.060117502,3.23E-177
5.416565,0.059885642,2.29E-177
5.41717,0.059325579,1.62E-177
5.417775,0.058644644,1.15E-177
5.41838,0.058031373,8.11E-178
5.418985,0.057579706,5.73E-178
5.41959,0.057201298,4.06E-178
5.420195,0.05660461,2.87E-178
5.4208,0.055500539,2.03E-178
5.421405,0.05392627,1.43E-178
5.42201,0.05231019,1.01E-178
5.422615,0.051137492,7.16E-179
5.42322,0.050560206,5.06E-179
5.423825,0.050336688,3.57E-179
5.42443,0.05008233,2.53E-179
5.425035,0.049542479,1.78E-179
5.42564,0.048698975,1.26E-179
5.426245,0.047731477,8.89E-180
5.42685,0.046894197,6.28E-180
5.427455,0.046312408,4.43E-180
5.42806,0.045784832,3.13E-180
5.428665,0.044823164,2.21E-180
5.42927,0.043052485,1.56E-180
5.429875,0.040674311,1.10E-180
5.43048,0.038432834,7.75E-181
5.431085,0.036981074,5.47E-181
5.43169,0.036320903,3.86E-181
5.432295,0.03595632,2.72E-181
5.4329,0.035489389,1.92E-181
5.433505,0.034902503,1.35E-181
5.43411,0.034327208,9.52E-182
5.434715,0.033766888,6.71E-182
5.43532,0.033133182,4.73E-182
5.435925,0.032426317,3.33E-182
5.43653,0.031722666,2.34E-182
5.437135,0.030962691,1.65E-182
5.43774,0.029879438,1.16E-182
5.438345,0.028286755,8.19E-183
5.43895,0.026418768,5.76E-183
5.439555,0.02480766,4.06E-183
5.44016,0.023766947,2.85E-183
5.440765,0.023131426,2.01E-183
5.44137,0.0225369,1.41E-183
5.441975,0.021783162,9.94E-184
5.44258,0.020861339,6.99E-184
5.443185,0.019786712,4.92E-184
5.44379,0.018538347,3.46E-184
5.444395,0.017142288,2.43E-184
5.445,0.015717818,1.71E-184
5.445605,0.014347754,1.20E-184
5.44621,0.012894206,8.43E-185
5.446815,0.011064916,5.93E-185
5.44742,0.008783423,4.16E-185
5.448025,0.006423046,2.92E-185
5.44863,0.004512871,2.05E-185
5.449235,0.003234955,1.44E-185
5.44984,0.002331287,1.01E-185
5.450445,0.001442303,7.11E-186
5.45105,0.000384011,4.99E-186
5.451655,-0.000883051,3.50E-186
5.45226,-0.002368661,2.46E-186
5.452865,-0.004009138,1.72E-186
5.45347,-0.005580153,1.21E-186
5.454075,-0.006832695,8.48E-187
5.45468,-0.007827382,5.94E-187
5.455285,-0.009057349,4.17E-187
5.45589,-0.011024552,2.92E-187
5.456495,-0.013637702,2.05E-187
5.4571,-0.016216267,1.44E-187
5.457705,-0.018150953,1.01E-187
5.45831,-0.019415236,7.05E-188
5.458915,-0.020437355,4.94E-188
5.45952,-0.021664262,3.46E-188
5.460125,-0.02330851,2.42E-188
5.46073,-0.02534185,1.70E-188
5.461335,-0.027540816,1.19E-188
5.46194,-2.96E-02,8.31E-189
5.462545,-0.031261531,5.81E-189
5.46315,-0.03278272,4.07E-189
5.463755,-0.03460192,2.85E-189
5.46436,-0.036983185,1.99E-189
5.464965,-0.039628797,1.39E-189
5.46557,-0.041921777,9.75E-190
5.466175,-0.043552611,6.81E-190
5.46678,-0.044752602,4.76E-190
5.467385,-0.04590055,3.33E-190
5.46799,-0.047114747,2.33E-190
5.468595,-0.048340898,1.63E-190
5.4692,-0.049658031,1.14E-190
5.469805,-0.051220073,7.94E-191
5.47041,-0.05286022,5.55E-191
5.471015,-0.05403088,3.88E-191
5.47162,-0.05441329,2.71E-191
5.472225,-0.05453489,1.89E-191
5.47283,-0.055449784,1.32E-191
5.473435,-0.057641442,9.21E-192
5.47404,-0.06047454,6.43E-192
5.474645,-0.062892451,4.49E-192
5.47525,-0.064428028,3.13E-192
5.475855,-0.065401132,2.18E-192
5.47646,-0.066381247,1.52E-192
5.477065,-0.067693229,1.06E-192
5.47767,-0.069368845,7.41E-193
5.478275,-0.071287118,5.17E-193
5.47888,-0.073161072,3.60E-193
5.479485,-0.074545325,2.51E-193
5.48009,-0.075203129,1.75E-193
5.480695,-0.075563387,1.22E-193
5.4813,-0.076540326,8.50E-194
5.481905,-0.078640616,5.92E-194
5.48251,-0.081389467,4.12E-194
5.483115,-0.083840621,2.87E-194
5.48372,-0.085449869,2.00E-194
5.484325,-0.086272614,1.39E-194
5.48493,-0.086629902,9.69E-195
5.485535,-0.086958515,6.74E-195
5.48614,-0.087843343,4.69E-195
5.486745,-0.089643906,3.27E-195
5.48735,-0.091774015,2.27E-195
5.487955,-0.092719488,1.58E-195
5.48856,-0.091444232,1.10E-195
5.489165,-0.08895578,7.64E-196
5.48977,-0.087901827,5.31E-196
5.490375,-0.090044869,3.69E-196
5.49098,-0.09439466,2.57E-196
5.491585,-0.098316239,1.78E-196
5.49219,-0.100168221,1.24E-196
5.492795,-0.100389159,8.62E-197
5.4934,-0.100377565,5.98E-197
5.494005,-0.101000795,4.16E-197
5.49461,-0.102268201,2.89E-197
5.495215,-0.103853478,2.00E-197
5.49582,-0.105314139,1.39E-197
5.496425,-0.105925392,9.66E-198
5.49703,-0.105070145,6.71E-198
5.497635,-0.10322521,4.65E-198
5.49824,-0.102126555,3.23E-198
5.498845,-0.103306515,2.24E-198
5.49945,-0.106498133,1.55E-198
5.500055,-0.109896811,1.08E-198
5.50066,-0.111867532,7.47E-199
5.501265,-0.112072016,5.18E-199
5.50187,-0.111263507,3.59E-199
5.502475,-0.11054415,2.49E-199
5.50308,-0.110769636,1.73E-199
5.503685,-0.112103003,1.20E-199
5.50429,-0.113670869,8.29E-200
5.504895,-0.113770305,5.74E-200
5.5055,-0.111121301,3.98E-200
5.506105,-0.106521483,2.75E-200
5.50671,-0.102959188,1.91E-200
5.507315,-0.103170959,1.32E-200
5.50792,-0.106888014,9.14E-201
5.508525,-0.111148397,6.32E-201
5.50913,-0.113353372,4.38E-201
5.509735,-0.113294386,3.03E-201
5.51034,-0.112268087,2.10E-201
5.510945,-0.111275735,1.45E-201
5.51155,-0.110618193,1.00E-201
5.512155,-0.110500979,6.93E-202
5.51276,-0.110952015,4.79E-202
5.513365,-0.111068619,3.31E-202
5.51397,-0.109313519,2.29E-202
5.514575,-0.105313693,1.58E-202
5.51518,-0.101050248,1.09E-202
5.515785,-0.099393,7.56E-203
5.51639,-0.101201816,5.22E-203
5.516995,-0.104400865,3.61E-203
5.5176,-0.106100125,2.49E-203
5.518205,-0.105162855,1.72E-203
5.51881,-0.102616763,1.19E-203
5.519415,-0.10017711,8.20E-204
5.52002,-0.098810302,5.66E-204
5.520625,-0.098441705,3.90E-204
5.52123,-0.098336413,2.69E-204
5.521835,-0.097359727,1.86E-204
5.52244,-0.09433898,1.28E-204
5.523045,-0.089133981,8.84E-205
5.52365,-0.083614202,6.10E-205
5.524255,-0.080680502,4.20E-205
5.52486,-0.081550216,2.90E-205
5.525465,-0.084453904,2.00E-205
5.52607,-0.086510958,1.38E-205
5.526675,-0.086341807,9.49E-206
5.52728,-0.084480411,6.54E-206
5.527885,-0.082056994,4.50E-206
5.52849,-0.079897658,3.10E-206
5.529095,-0.078555295,2.14E-206
5.5297,-0.078220726,1.47E-206
5.530305,-0.078157488,1.01E-206
5.53091,-0.076757477,6.97E-207
5.531515,-0.072977113,4.80E-207
5.53212,-0.067896745,3.30E-207
5.532725,-0.064256715,2.27E-207
5.53333,-0.063888011,1.56E-207
5.533935,-0.065817575,1.08E-207
5.53454,-0.067342573,7.39E-208
5.535145,-0.066708147,5.09E-208
5.53575,-0.064302652,3.50E-208
5.536355,-0.061575743,2.40E-208
5.53696,-0.05947502,1.65E-208
5.537565,-0.058024847,1.14E-208
5.53817,-0.056841192,7.80E-209
5.538775,-0.055450243,5.36E-209
5.53938,-0.053141621,3.68E-209
5.539985,-0.049224675,2.53E-209
5.54059,-0.044055535,1.74E-209
5.541195,-0.039524435,1.19E-209
5.5418,-0.037657007,8.19E-210
5.542405,-0.038530681,5.62E-210
5.54301,-0.040118272,3.86E-210
5.543615,-0.04025609,2.65E-210
5.54422,-0.0383269,1.82E-210
5.544825,-0.035170675,1.25E-210
5.54543,-0.032022328,8.55E-211
5.546035,-0.029725083,5.87E-211
5.54664,-0.028472074,4.02E-211
5.547245,-0.027733703,2.76E-211
5.54785,-0.026400016,1.89E-211
5.548455,-0.023501586,1.30E-211
5.54906,-0.019237497,8.88E-212
5.549665,-0.015174758,6.09E-212
5.55027,-0.012950814,4.17E-212
5.550875,-0.012644895,2.86E-212
5.55148,-0.012766177,1.96E-212
5.552085,-0.011872917,1.34E-212
5.55269,-0.009782117,9.18E-213
5.553295,-0.007192922,6.28E-213
5.5539,-0.004680157,4.30E-213
5.554505,-0.002354169,2.94E-213
5.55511,-0.000216084,2.01E-213
5.555715,0.001639919,1.38E-213
5.55632,0.003369461,9.43E-214
5.556925,0.00563555,6.45E-214
5.55753,0.009027897,4.41E-214
5.558135,0.013064174,3.02E-214
5.55874,0.016205615,2.06E-214
5.559345,0.017325899,1.41E-214
5.55995,0.016970028,9.64E-215
5.560555,0.016804674,6.59E-215
5.56116,0.018023144,4.50E-215
5.561765,0.020519635,3.08E-215
5.56237,0.023331812,2.10E-215
5.562975,0.02555466,1.44E-215
5.56358,0.026903642,9.80E-216
5.564185,0.027709258,6.69E-216
5.56479,0.02857976,4.57E-216
5.565395,0.029990908,3.12E-216
5.566,0.031946712,2.13E-216
5.566605,0.03390453,1.45E-216
5.56721,0.035172945,9.92E-217
5.567815,0.035588611,6.77E-217
5.56842,0.035737993,4.62E-217
5.569025,0.036359459,3.15E-217
5.56963,0.037658539,2.15E-217
5.570235,0.039343925,1.46E-217
5.57084,0.041111571,9.98E-218
5.571445,0.042842826,6.80E-218
5.57205,0.044420128,4.64E-218
5.572655,0.045637651,3.16E-218
5.57326,0.046455259,2.15E-218
5.573865,0.04725025,1.47E-218
5.57447,0.048596515,9.99E-219
5.575075,0.050633798,6.80E-219
5.57568,0.052720612,4.63E-219
5.576285,0.053963602,3.15E-219
5.57689,0.054161629,2.15E-219
5.577495,0.054026358,1.46E-219
5.5781,0.0544326,9.94E-220
5.578705,0.055641518,6.77E-220
5.57931,0.057256556,4.60E-220
5.579915,0.058710153,3.13E-220
5.58052,0.059686889,2.13E-220
5.581125,0.060210385,1.45E-220
5.58173,0.060518983,9.85E-221
5.582335,0.060894282,6.69E-221
5.58294,0.061463226,4.55E-221
5.583545,0.062046648,3.09E-221
5.58415,0.062275398,2.10E-221
5.584755,0.062007418,1.43E-221
5.58536,0.061608521,9.70E-222
5.585965,0.061667003,6.59E-222
5.58657,0.062433533,4.48E-222
5.587175,0.063668958,3.04E-222
5.58778,0.064995569,2.06E-222
5.588385,0.066210647,1.40E-222
5.58899,0.067232882,9.51E-223
5.589595,0.067950039,6.45E-223
5.5902,0.0683107,4.38E-223
5.590805,0.068515601,2.97E-223
5.59141,0.068912744,2.01E-223
5.592015,0.069606358,1.37E-223
5.59262,0.070269576,9.27E-224
5.593225,0.070471774,6.28E-224
5.59383,0.070161473,4.26E-224
5.594435,0.069723189,2.89E-224
5.59504,0.06960139,1.96E-224
5.595645,0.069973189,1.33E-224
5.59625,0.070720319,8.98E-225
5.596855,0.071569131,6.09E-225
5.59746,0.072242947,4.12E-225
5.598065,0.072576187,2.79E-225
5.59867,0.072577654,1.89E-225
5.599275,0.072422486,1.28E-225
5.59988,0.072316406,8.67E-226
5.600485,0.072257137,5.87E-226
5.60109,0.071943961,3.97E-226
5.601695,0.071067133,2.69E-226
5.6023,0.069743008,1.82E-226
5.602905,0.068545539,1.23E-226
5.60351,0.068018641,8.31E-227
5.604115,0.068214597,5.62E-227
5.60472,0.068743162,3.80E-227
5.605325,0.069171464,2.57E-227
5.60593,0.069303555,1.74E-227
5.606535,0.069161578,1.17E-227
5.60714,0.068853504,7.93E-228
5.607745,0.068509099,5.36E-228
5.60835,0.068239653,3.62E-228
5.608955,0.06803134,2.45E-228
5.60956,0.067676755,1.65E-228
5.610165,0.066924733,1.12E-228
5.61077,0.065772441,7.53E-229
5.611375,0.064548462,5.08E-229
5.61198,0.063624917,3.43E-229
5.612585,0.063100447,2.32E-229
5.61319,0.062832285,1.56E-229
5.613795,0.062663048,1.05E-229
5.6144,0.062474908,7.11E-230
5.615005,0.062103075,4.80E-230
5.61561,0.061400556,3.24E-230
5.616215,0.060451955,2.18E-230
5.61682,0.059577028,1.47E-230
5.617425,0.058959479,9.91E-231
5.61803,0.058319351,6.68E-231
5.618635,0.057147791,4.50E-231
5.61924,0.055328716,3.03E-231
5.619845,0.053376395,2.04E-231
5.62045,0.051943844,1.38E-231
5.621055,0.051220107,9.27E-232
5.62166,0.050937302,6.24E-232
5.622265,0.050808276,4.20E-232
5.62287,0.050735078,2.83E-232
5.623475,0.050649624,1.90E-232
5.62408,0.050387191,1.28E-232
5.624685,0.04984158,8.62E-233
5.62529,0.049165358,5.80E-233
5.625895,0.048640741,3.90E-233
5.6265,0.048277763,2.63E-233
5.627105,0.047661827,1.77E-233
5.62771,0.046373577,1.19E-233
5.628315,0.044544736,7.98E-234
5.62892,0.04281597,5.36E-234
5.629525,0.041711545,3.61E-234
5.63013,0.041205099,2.42E-234
5.630735,0.040895469,1.63E-234
5.63134,0.040421444,1.09E-234
5.631945,0.039652613,7.35E-235
5.63255,0.038629616,4.93E-235
5.633155,0.037475097,3.31E-235
5.63376,0.036357672,2.22E-235
5.634365,0.03538828,1.49E-235
5.63497,0.034435329,1.00E-235
5.635575,0.033113218,6.73E-236
5.63618,0.031123209,4.51E-236
5.636785,0.028656577,3.03E-236
5.63739,0.026349182,2.03E-236
5.637995,0.024767904,1.36E-236
5.6386,0.023987087,9.14E-237
5.639205,0.023644485,6.13E-237
5.63981,0.023296359,4.11E-237
5.640415,0.022689946,2.75E-237
5.64102,0.021784042,1.85E-237
5.641625,0.02064259,1.24E-237
5.64223,0.019395099,8.28E-238
5.642835,0.018227883,5.55E-238
5.64344,0.017236434,3.72E-238
5.644045,0.016228909,2.49E-238
5.64465,0.014825931,1.67E-238
5.645255,0.012888325,1.12E-238
5.64586,0.010744201,7.47E-239
5.646465,0.00886212,5.00E-239
5.64707,0.007404977,3.35E-239
5.647675,0.006216186,2.24E-239
5.64828,0.005100948,1.50E-239
5.648885,0.003962555,1.00E-239
5.64949,0.002738963,6.70E-240
5.650095,0.001368519,4.48E-240
5.6507,-0.000144549,3.00E-240
5.651305,-0.001717,2.00E-240
5.65191,-0.003315774,1.34E-240
5.652515,-0.005075526,8.95E-241
5.65312,-0.0071972,5.98E-241
5.653725,-0.009678735,4.00E-241
5.65433,-0.012193374,2.67E-241
5.654935,-0.014316832,1.78E-241
5.65554,-0.01587386,1.19E-241
5.656145,-0.017015673,7.96E-242
5.65675,-0.018004851,5.31E-242
5.657355,-0.019016928,3.55E-242
5.65796,-0.020141823,2.37E-242
5.658565,-0.021463279,1.58E-242
5.65917,-0.023015957,1.05E-242
5.659775,-0.024652497,7.03E-243
5.66038,-0.026086729,4.69E-243
5.660985,-0.027199966,3.13E-243
5.66159,-0.02825894,2.09E-243
5.662195,-0.029676077,1.39E-243
5.6628,-0.031542123,9.28E-244
5.663405,-0.033543507,6.18E-244
5.66401,-0.035337184,4.12E-244
5.664615,-0.03682128,2.75E-244
5.66522,-0.038054828,1.83E-244
5.665825,-0.039153357,1.22E-244
5.66643,-0.040329035,8.12E-245
5.667035,-0.0418496,5.41E-245
5.66764,-0.04380123,3.60E-245
5.668245,-0.045911327,2.40E-245
5.66885,-0.047716256,1.60E-245
5.669455,-0.048991263,1.06E-245
5.67006,-0.050049342,7.07E-246
5.670665,-0.051541074,4.70E-246
5.67127,-0.053814995,3.13E-246
5.671875,-0.056503433,2.08E-246
5.67248,-0.058879357,1.39E-246
5.673085,-0.060553527,9.21E-247
5.67369,-0.061684678,6.12E-247
5.674295,-0.062636669,4.07E-247
5.6749,-0.0636936,2.71E-247
5.675505,-0.065113821,1.80E-247
5.67611,-0.067095871,1.20E-247
5.676715,-0.069372038,7.94E-248
5.67732,-0.071044843,5.28E-248
5.677925,-0.071357515,3.50E-248
5.67853,-0.070804134,2.33E-248
5.679135,-0.071043638,1.55E-248
5.67974,-0.073267337,1.03E-248
5.680345,-0.076873791,6.81E-249
5.68095,-0.080168823,4.52E-249
5.681555,-0.082118936,3.00E-249
5.68216,-0.083002736,1.99E-249
5.682765,-0.083640048,1.32E-249
5.68337,-0.084559795,8.76E-250
5.683975,-0.085927971,5.81E-250
5.68458,-0.087736932,3.86E-250
5.685185,-0.089649434,2.56E-250
5.68579,-0.090899004,1.69E-250
5.686395,-0.090909199,1.12E-250
5.687,-0.090161499,7.45E-251
5.687605,-0.090066644,4.93E-251
5.68821,-0.091645747,3.27E-251
5.688815,-0.094500258,2.17E-251
5.68942,-0.097306179,1.43E-251
5.690025,-0.099069263,9.50E-252
5.69063,-0.099680932,6.29E-252
5.691235,-0.099626781,4.17E-252
5.69184,-0.099576538,2.76E-252
5.692445,-0.100146539,1.83E-252
5.69305,-0.101601439,1.21E-252
5.693655,-0.103401914,7.99E-253
5.69426,-0.104130499,5.29E-253
5.694865,-0.102514365,3.50E-253
5.69547,-0.099098516,2.31E-253
5.696075,-0.096569901,1.53E-253
5.69668,-0.097502336,1.01E-253
5.697285,-0.101653846,6.69E-254
5.69789,-0.10620595,4.42E-254
5.698495,-0.108686274,2.92E-254
5.6991,-0.108944647,1.93E-254
5.699705,-0.10836319,1.28E-254
5.70031,-0.108086871,8.43E-255
5.700915,-0.108434892,5.57E-255
5.70152,-0.109370921,3.68E-255
5.702125,-0.110638369,2.43E-255
5.70273,-0.111390586,1.60E-255
5.703335,-0.110527428,1.06E-255
5.70394,-0.108021909,6.99E-256
5.704545,-0.105611842,4.61E-256
5.70515,-0.105456659,3.04E-256
5.705755,-0.107960829,2.01E-256
5.70636,-0.111365481,1.32E-256
5.706965,-0.113524815,8.74E-257
5.70757,-0.113657256,5.76E-257
5.708175,-0.112453639,3.80E-257
5.70878,-0.111103677,2.50E-257
5.709385,-0.110471372,1.65E-257
5.70999,-0.110808112,1.09E-257
5.710595,-0.111638569,7.17E-258
5.7112,-0.111707519,4.72E-258
5.711805,-0.109566837,3.11E-258
5.71241,-0.105042343,2.05E-258
5.713015,-0.100239304,1.35E-258
5.71362,-0.098226088,8.89E-259
5.714225,-0.100104082,5.85E-259
5.71483,-0.103879577,3.85E-259
5.715435,-0.10661589,2.54E-259
5.71604,-0.10706936,1.67E-259
5.716645,-0.10589539,1.10E-259
5.71725,-0.104158062,7.23E-260
5.717855,-0.102506704,4.75E-260
5.71846,-0.101450057,3.13E-260
5.719065,-0.101309394,2.06E-260
5.71967,-0.101393614,1.35E-260
5.720275,-0.099938879,8.89E-261
5.72088,-0.095873732,5.84E-261
5.721485,-0.090662027,3.84E-261
5.72209,-0.087473897,2.52E-261
5.722695,-0.088015208,1.66E-261
5.7233,-0.090719781,1.09E-261
5.723905,-0.092509611,7.16E-262
5.72451,-0.091799946,4.70E-262
5.725115,-0.089351607,3.09E-262
5.72572,-0.086788975,2.03E-262
5.726325,-0.085050523,1.33E-262
5.72693,-0.084159753,8.73E-263
5.727535,-0.083695219,5.73E-263
5.72814,-0.08291449,3.76E-263
5.728745,-0.080708964,2.47E-263
5.72935,-0.076318768,1.62E-263
5.729955,-0.070616111,1.06E-263
5.73056,-0.066190817,6.96E-264
5.731165,-0.065283638,4.57E-264
5.73177,-0.067558641,2.99E-264
5.732375,-0.070408599,1.96E-264
5.73298,-0.071359988,1.29E-264
5.733585,-0.069796968,8.43E-265
5.73419,-0.066703287,5.52E-265
5.734795,-0.063489075,3.62E-265
5.7354,-0.061195112,2.37E-265
5.736005,-0.060165576,1.55E-265
5.73661,-0.059763092,1.02E-265
5.737215,-0.058465836,6.65E-266
5.73782,-0.055041916,4.36E-266
5.738425,-0.050108738,2.85E-266
5.73903,-0.046077972,1.87E-266
5.739635,-0.044900373,1.22E-266
5.74024,-0.046007433,7.99E-267
5.740845,-0.047018637,5.23E-267
5.74145,-0.046257416,3.42E-267
5.742055,-0.043954162,2.24E-267
5.74266,-0.041226757,1.46E-267
5.743265,-0.038719997,9.56E-268
5.74387,-0.036461438,6.25E-268
5.744475,-0.034477473,4.08E-268
5.74508,-0.03290132,2.67E-268
5.745685,-0.031363056,1.74E-268
5.74629,-0.028807468,1.14E-268
5.746895,-0.024583444,7.44E-269
5.7475,-0.01973888,4.86E-269
5.748105,-0.016517852,3.17E-269
5.74871,-0.016116606,2.07E-269
5.749315,-0.017364051,1.35E-269
5.74992,-0.017969143,8.83E-270
5.750525,-0.016662424,5.76E-270
5.75113,-0.013880819,3.76E-270
5.751735,-0.010856792,2.45E-270
5.75234,-0.008506403,1.60E-270
5.752945,-0.007034313,1.04E-270
5.75355,-0.00606051,6.81E-271
5.754155,-0.004835682,4.44E-271
5.75476,-0.002652839,2.89E-271
5.755365,0.000486291,1.89E-271
5.75597,0.003633938,1.23E-271
5.756575,0.005706072,8.01E-272
5.75718,0.006640035,5.22E-272
5.757785,0.007434327,3.40E-272
5.75839,0.008951383,2.22E-272
5.758995,0.011077905,1.44E-272
5.7596,0.013212561,9.40E-273
5.760205,0.015158048,6.12E-273
5.76081,0.017207565,3.98E-273
5.761415,0.019525001,2.59E-273
5.76202,0.021800337,1.69E-273
5.762625,0.023671177,1.10E-273
5.76323,0.025333434,7.14E-274
5.763835,0.027445674,4.65E-274
5.76444,0.030266875,3.02E-274
5.765045,0.033076288,1.97E-274
5.76565,0.034807506,1.28E-274
5.766255,0.035246095,8.31E-275
5.76686,0.035272299,5.40E-275
5.767465,0.035909562,3.51E-275
5.76807,0.037410047,2.28E-275
5.768675,0.039291065,1.48E-275
5.76928,0.040995419,9.63E-276
5.769885,0.042336013,6.26E-276
5.77049,0.043416754,4.06E-276
5.771095,0.044394516,2.64E-276
5.7717,0.045400437,1.71E-276
5.772305,0.046508099,1.11E-276
5.77291,0.047628536,7.22E-277
5.773515,0.048531857,4.68E-277
5.77412,0.049134785,3.04E-277
5.774725,0.049697107,1.97E-277
5.77533,0.050539673,1.28E-277
5.775935,0.051639287,8.30E-278
5.77654,0.05273355,5.38E-278
5.777145,0.053761891,3.49E-278
5.77775,0.05493199,2.26E-278
5.778355,0.056317701,1.47E-278
5.77896,0.057616487,9.51E-279
5.779565,0.05847074,6.16E-279
5.78017,0.05896778,3.99E-279
5.780775,0.059621498,2.59E-279
5.78138,0.06074224,1.68E-279
5.781985,0.061947003,1.09E-279
5.78259,0.062531855,7.03E-280
5.783195,0.06234533,4.55E-280
5.7838,0.06203632,2.95E-280
5.784405,0.062335663,1.91E-280
5.78501,0.063318693,1.23E-280
5.785615,0.064502336,7.98E-281
5.78622,0.065461496,5.17E-281
5.786825,0.066144876,3.34E-281
5.78743,0.066676858,2.16E-281
5.788035,0.067109208,1.40E-281
5.78864,0.067457828,9.04E-282
5.789245,0.067791716,5.84E-282
5.78985,0.068101884,3.78E-282
5.790455,0.068175485,2.44E-282
5.79106,0.067813569,1.58E-282
5.791665,0.06718453,1.02E-282
5.79227,0.066778982,6.59E-283
5.792875,0.066960214,4.25E-283
5.79348,0.067680716,2.75E-283
5.794085,0.068627519,1.77E-283
5.79469,0.069484931,1.15E-283
5.795295,0.07005519,7.40E-284
5.7959,0.070302243,4.77E-284
5.796505,0.070391142,3.08E-284
5.79711,0.070618861,1.99E-284
5.797715,0.071159398,1.28E-284
5.79832,0.071813987,8.28E-285
5.798925,0.072081439,5.34E-285
5.79953,0.071596227,3.44E-285
5.800135,0.070555641,2.22E-285
5.80074,0.069637309,1.43E-285
5.801345,0.06940364,9.22E-286
5.80195,0.069823644,5.95E-286
5.802555,0.070407311,3.83E-286
5.80316,0.070713554,2.47E-286
5.803765,0.070666444,1.59E-286
5.80437,0.070451462,1.02E-286
5.804975,0.070233622,6.60E-287
5.80558,0.070043241,4.25E-287
5.806185,0.069848948,2.74E-287
5.80679,0.06957357,1.76E-287
5.807395,0.069012259,1.13E-287
5.808,0.067914365,7.30E-288
5.808605,0.066307154,4.70E-288
5.80921,0.064674906,3.02E-288
5.809815,0.063653483,1.94E-288
5.81042,0.063508253,1.25E-288
5.811025,0.063935833,8.04E-289
5.81163,0.064330685,5.17E-289
5.812235,0.064221271,3.32E-289
5.81284,0.063540497,2.14E-289
5.813445,0.062604354,1.37E-289
5.81405,0.061862957,8.83E-290
5.814655,0.061555711,5.67E-290
5.81526,0.061464603,3.64E-290
5.815865,0.061016284,2.34E-290
5.81647,0.059771801,1.50E-290
5.817075,0.05789769,9.65E-291
5.81768,0.056091541,6.20E-291
5.818285,0.054978898,3.98E-291
5.81889,0.054615692,2.55E-291
5.819495,0.054576063,1.64E-291
5.8201,0.054405717,1.05E-291
5.820705,0.053925155,6.75E-292
5.82131,0.053200966,4.33E-292
5.821915,0.052387159,2.78E-292
5.82252,0.051639073,1.78E-292
5.823125,0.051057265,1.14E-292
5.82373,0.050550721,7.32E-293
5.824335,0.049740055,4.69E-293
5.82494,0.048169805,3.01E-293
5.825545,0.045799051,1.93E-293
5.82615,0.043258335,1.24E-293
5.826755,0.041437398,7.91E-294
5.82736,0.040732884,5.07E-294
5.827965,0.040763736,3.25E-294
5.82857,0.040829177,2.08E-294
5.829175,0.040544556,1.33E-294
5.82978,0.040004511,8.52E-295
5.830385,0.03945176,5.45E-295
5.83099,0.038942127,3.49E-295
5.831595,0.038369501,2.23E-295
5.8322,0.03769062,1.43E-295
5.832805,0.036951319,9.14E-296
5.83341,0.036084456,5.85E-296
5.834015,0.034881576,3.74E-296
5.83462,0.033304214,2.39E-296
5.835225,0.031692481,1.53E-296
5.83583,0.030490045,9.77E-297
5.836435,0.029819404,6.25E-297
5.83704,0.029427514,3.99E-297
5.837645,0.028956721,2.55E-297
5.83825,0.028177676,1.63E-297
5.838855,0.02705307,1.04E-297
5.83946,0.025714664,6.65E-298
5.840065,0.024394731,4.25E-298
5.84067,0.023268154,2.71E-298
5.841275,0.022246784,1.73E-298
5.84188,0.020947422,1.10E-298
5.842485,0.018990648,7.05E-299
5.84309,0.016419116,4.50E-299
5.843695,0.013782907,2.87E-299
5.8443,0.011733225,1.83E-299
5.844905,0.010518497,1.17E-299
5.84551,0.009857854,7.45E-300
5.846115,0.009225793,4.75E-300
5.84672,0.008237659,3.03E-300
5.847325,0.006824339,1.93E-300
5.84793,0.005130016,1.23E-300
5.848535,0.003360324,7.84E-301
5.84914,0.001753401,5.00E-301
5.849745,0.000508281,3.18E-301
5.85035,-0.000469616,2.03E-301
5.850955,-0.001676361,1.29E-301
5.85156,-0.003586793,8.23E-302
5.852165,-0.006073132,5.24E-302
5.85277,-0.008463398,3.33E-302
5.853375,-0.010232323,2.12E-302
5.85398,-0.011474653,1.35E-302
5.854585,-0.012692806,8.60E-303
5.85519,-0.014266387,5.47E-303
5.855795,-0.016164399,3.48E-303
5.8564,-0.018094691,2.21E-303
5.857005,-0.019843267,1.41E-303
5.85761,-0.021430469,8.95E-304
5.858215,-0.023012317,5.69E-304
5.85882,-0.024748608,3.62E-304
5.859425,-0.026761453,2.30E-304
5.86003,-0.029072336,1.46E-304
5.860635,-0.031491681,9.28E-305
5.86124,-0.033677215,5.90E-305
5.861845,-0.035397803,3.75E-305
5.86245,-0.036682209,2.38E-305
5.863055,-0.037705599,1.51E-305
5.86366,-0.038644617,9.60E-306
5.864265,-0.039663538,6.09E-306
5.86487,-0.040930952,3.87E-306
5.865475,-0.042521532,2.45E-306
5.86608,-0.044229229,1.56E-306
5.866685,-0.045561242,9.88E-307
5.86729,-0.046162857,6.27E-307
5.867895,-0.046383645,3.98E-307
5.8685,-0.047181861,2.52E-307
5.869105,-0.049156178,1.60E-307
5.86971,-0.051815559,1.01E-307
5.870315,-0.054105167,6.43E-308
5.87092,-0.055499231,4.07E-308
5.871525,-0.056322486,2.58E-308
5.87213,-0.057193992,0
5.872735,-0.058466199,0
5.87334,-0.060155334,0
5.873945,-0.062101141,0
5.87455,-0.063999738,0
5.875155,-0.065439421,0
5.87576,-0.06621941,0
5.876365,-0.066736571,6.680258E-310
5.87697,-0.067839463,4.227917E-310
5.877575,-0.070022399,2.675444E-310
5.87818,-0.072829296,1.692784E-310
5.878785,-0.075313289,1.070886E-310
5.87939,-0.076985563,6.773625E-311
5.879995,-0.078053307,4.283861E-311
5.8806,-0.07890743,2.708855E-311
5.881205,-0.079787447,1.712664E-311
5.88181,-0.080953436,1.082667E-311
5.882415,-0.082698222,6.843116E-312
5.88302,-0.084783678,4.324631E-312
5.883625,-0.086116104,2.732627E-312
5.88423,-0.085638917,1.726426E-312
5.884835,-0.083809648,1.090565E-312
5.88544,-0.082743112,6.887973E-313
5.886045,-0.084316401,4.349782E-313
5.88665,-0.088217088,2.746501E-313
5.887255,-0.092313919,1.733917E-313
5.88786,-0.094815399,1.094493E-313
5.888465,-0.095626589,6.907705E-314
5.88907,-0.095805949,4.359040E-314
5.889675,-0.096309511,2.750325E-314
5.89028,-0.097436623,1.735056E-314
5.890885,-0.099063601,1.094408E-314
5.89149,-0.100824264,6.902095E-315
5.892095,-0.101991237,4.352301E-315
5.8927,-0.10178756,2.744057E-315
5.893305,-0.100353418,1.729830E-315
5.89391,-0.099180621,1.090310E-315
5.894515,-0.099938641,6.871204E-316
5.89512,-0.102741129,4.329640E-316
5.895725,-0.106012603,2.727765E-316
5.89633,-0.108101939,1.718297E-316
5.896935,-0.108605019,1.082246E-316
5.89754,-0.108189706,6.815372E-317
5.898145,-0.107738287,4.291306E-317
5.89875,-0.107898814,2.701628E-317
5.899355,-0.108988858,1.700583E-317
5.89996,-0.11064828,1.070302E-317
5.900565,-0.111503737,6.735207E-318
5.90117,-0.109923213,4.237715E-318
5.901775,-0.105887963,2.665934E-318
5.90238,-0.101952088,1.676884E-318
5.902985,-0.101371565,1.054608E-318
5.90359,-0.104851976,6.631596E-319
5.904195,-0.109761377,4.169469E-319
5.9048,-0.112853187,2.621068E-319
5.905405,-0.11314593,1.647462E-319
5.90601,-0.111950805,1.035315E-319
5.906615,-0.110910737,6.505856E-320
5.90722,-0.110663831,4.087405E-320
5.907825,-0.111042574,2.567659E-320
5.90843,-0.111642135,1.612630E-320
5.909035,-0.111768854,1.012835E-320
5.90964,-0.110437207,6.358625E-321
5.910245,-0.107323687,3.992050E-321
5.91085,-0.103787318,2.504913E-321
5.911455,-0.102139401,1.571129E-321
5.91206,-0.1034104,9.881313E-322
5.912665,-0.106255853,6.175821E-322
5.91327,-0.108372595,3.903119E-322
5.913875,-0.108542947,2.420922E-322
5.91448,-0.107120091,1.531604E-322
5.915085,-0.1051795,9.387247E-323
5.91569,-0.103694666,5.928788E-323
5.916295,-0.103183829,3.952525E-323
5.9169,-0.103457616,2.470328E-323
5.917505,-0.103419528,1.482197E-323
5.91811,-0.101503682,9.881313E-324
5.918715,-0.097048697,4.940656E-324
5.91932,-0.091578623,4.940656E-324
5.919925,-0.088161042,0
5.92053,-0.088704349,0
5.921135,-0.091987661,0
5.92174,-0.094889403,0
5.922345,-0.09533926,0
5.92295,-0.09362975,0
5.923555,-0.091276982,0
5.92416,-0.089420927,0
5.924765,-0.088417855,0
5.92537,-0.088173429,0
5.925975,-0.088070783,0
5.92658,-0.086811869,0
5.927185,-0.083353087,0
5.92779,-0.078456683,0
5.928395,-0.074665912,0
5.929,-0.074005893,0
5.929605,-0.075907259,0
5.93021,-0.0778912,0
5.930815,-0.077998863,0
5.93142,-0.076089511,0
5.932025,-0.073208761,0
5.93263,-0.070445838,0
5.933235,-0.068422373,0
5.93384,-0.067251,0
5.934445,-0.066390836,0
5.93505,-0.064548948,0
5.935655,-0.060428105,0
5.93626,-0.054309587,0
5.936865,-0.048703924,0
5.93747,-0.046454314,0
5.938075,-0.047864574,0
5.93868,-0.050361536,0
5.939285,-0.051158821,0
5.93989,-0.049593386,0
5.940495,-0.04681402,0
5.9411,-0.044064686,0
5.941705,-0.041795354,0
5.94231,-0.03998765,0
5.942915,-0.03851832,0
5.94352,-0.036920671,0
5.944125,-0.034338302,0
5.94473,-0.030416055,0
5.945335,-0.026209911,0
5.94594,-0.023526067,0
5.946545,-0.023039371,0
5.94715,-0.023530543,0
5.947755,-0.023234557,0
5.94836,-0.02145875,0
5.948965,-0.01867722,0
5.94957,-0.015644545,0
5.950175,-0.012889647,0
5.95078,-0.01075876,0
5.951385,-0.009335521,0
5.95199,-0.008102053,0
5.952595,-0.006000479,0
5.9532,-0.002336066,0
5.953805,0.002177925,0
5.95441,0.00564054,0
5.955015,0.006719126,0
5.95562,0.006084372,0
5.956225,0.005719433,0
5.95683,0.006960605,0
5.957435,0.009541788,0
5.95804,0.01231855,0
5.958645,0.014455877,0
5.95925,0.015867884,0
5.959855,0.016899085,0
5.96046,0.017955865,0
5.961065,0.019394496,0
5.96167,0.021398159,0
5.962275,0.023737563,0
5.96288,0.025786992,0
5.963485,0.027056582,0
5.96409,0.027732366,0
5.964695,0.028490568,0
5.9653,0.029801874,0
5.965905,0.031603108,0
5.96651,0.033574233,0
5.967115,0.035484227,0
5.96772,0.037212712,0
5.968325,0.038657081,0
5.96893,0.039853742,0
5.969535,0.04113937,0
5.97014,0.042928371,0
5.970745,0.045175544,0
5.97135,0.047178475,0
5.971955,0.04817554,0
5.97256,0.048184994,0
5.973165,0.048033637,0
5.97377,0.048528259,0
5.974375,0.049807009,0
5.97498,0.05146541,0
5.975585,0.053027935,0
5.97619,0.054210886,0
5.976795,0.05494094,0
5.9774,0.05534547,0
5.978005,0.055734379,0
5.97861,0.056418718,0
5.979215,0.057404463,0
5.97982,0.058297791,0
5.980425,0.058660814,0
5.98103,0.058514552,0
5.981635,0.058376542,0
5.98224,0.05874516,0
5.982845,0.059657294,0
5.98345,0.060795253,0
5.984055,0.061885189,0
5.98466,0.062871142,0
5.985265,0.063773039,0
5.98587,0.064556324,0
5.986475,0.065214921,0
5.98708,0.065870683,0
5.987685,0.066650136,0
5.98829,0.067459508,0
5.988895,0.067997567,0
5.9895,0.068065234,0
5.990105,0.067805744,0
5.99071,0.06759309,0
5.991315,0.067751605,0
5.99192,0.068387752,0
5.992525,0.0693516,0
5.99313,0.070287506,0
5.993735,0.070818945,0
5.99434,0.070816746,0
5.994945,0.070537875,0
5.99555,0.070427759,0
5.996155,0.070656928,0
5.99676,0.070845523,0
5.997365,0.070391899,0
5.99797,0.069166087,0
5.998575,0.067776306,0
5.99918,0.06703333,0
5.999785,0.067223517,0
6.00039,0.067989066,0
6.000995,0.06878485,0
6.0016,0.069295175,0
6.002205,0.069486108,0
6.00281,0.069469579,0
6.003415,0.06941907,0
6.00402,0.069519909,0
6.004625,0.069832961,0
6.00523,0.070146323,0
6.005835,0.070053892,0
6.00644,0.069314393,0
6.007045,0.068150701,0
6.00765,0.067113041,0
6.008255,0.066636814,0
6.00886,0.066759919,0
6.009465,0.067179538,0
6.01007,0.067484226,0
6.010675,0.067388395,0
6.01128,0.066881983,0
6.011885,0.06622038,0
6.01249,0.065692621,0
6.013095,0.065275651,0
6.0137,0.064536285,0
6.014305,0.063027603,0
6.01491,0.060854436,0
6.015515,0.05873711,0
6.01612,0.057390616,0
6.016725,0.05689418,0
6.01733,0.056768426,0
6.017935,0.056568999,0
6.01854,0.056240102,0
6.019145,0.055925731,0
6.01975,0.055627132,0
6.020355,0.055173072,0
6.02096,0.054477009,0
6.021565,0.053667837,0
6.02217,0.052881701,0
6.022775,0.052004694,0
6.02338,0.0507811,0
6.023985,0.049208569,0
6.02459,0.047672981,0
6.025195,0.046591454,0
6.0258,0.04600955,0
6.026405,0.045617806,0
6.02701,0.045074462,0
6.027615,0.044234625,0
6.02822,0.043150052,0
6.028825,0.041986329,0
6.02943,0.040943164,0
6.030035,0.040112649,0
6.03064,0.039306172,0
6.031245,0.038088621,0
6.03185,0.036160614,0
6.032455,0.033769182,0
6.03306,0.031610898,0
6.033665,0.030226621,0
6.03427,0.029565942,0
6.034875,0.029197356,0
6.03548,0.028801784,0
6.036085,0.028321025,0
6.03669,0.027724609,0
6.037295,0.026874239,0
6.0379,0.025725523,0
6.038505,0.024529183,0
6.03911,0.023620763,0
6.039715,0.022966667,0
6.04032,0.022086724,0
6.040925,0.020572447,0
6.04153,0.01859093,0
6.042135,0.016719382,0
6.04274,0.015357862,0
6.043345,0.014453353,0
6.04395,0.013692562,0
6.044555,0.012773312,0
6.04516,0.011533576,0
6.045765,0.009988195,0
6.04637,0.008302699,0
6.046975,0.006679374,0
6.04758,0.005193458,0
6.048185,0.003698335,0
6.04879,0.001915937,0
6.049395,-0.000291813,0
6.05,-0.002707006,0
6.050605,-0.004894946,0
6.05121,-0.006584884,0
6.051815,-0.00783463,0
6.05242,-0.008868885,0
6.053025,-0.009902752,0
6.05363,-0.011112118,0
6.054235,-0.012623862,0
6.05484,-0.014419262,0
6.055445,-0.016249137,0
6.05605,-0.017756281,0
6.056655,-0.018821983,0
6.05726,-0.019821226,0
6.057865,-0.021367482,0
6.05847,-0.023646407,0
6.059075,-0.026138718,0
6.05968,-0.028180921,0
6.060285,-0.029650092,0
6.06089,-0.030922344,0
6.061495,-0.03232662,0
6.0621,-0.033881729,0
6.062705,-0.035517827,0
6.06331,-0.037285183,0
6.063915,-0.039202003,0
6.06452,-0.041042093,0
6.065125,-0.042496924,0
6.06573,-0.043595607,0
6.066335,-0.044809285,0
6.06694,-0.046579408,0
6.067545,-0.048804683,0
6.06815,-0.050939967,0
6.068755,-0.052534475,0
6.06936,-0.053550387,0
6.069965,-0.054260997,0
6.07057,-0.055030761,0
6.071175,-0.056191349,0
6.07178,-0.057896797,0
6.072385,-0.05987262,0
6.07299,-0.061389646,0
6.073595,-0.061838904,0
6.0742,-0.061541378,0
6.074805,-0.061759009,0
6.07541,-0.063538443,0
6.076015,-0.066596347,0
6.07662,-0.069636623,0
6.077225,-0.071663473,0
6.07783,-0.072707305,0
6.078435,-0.073427096,0
6.07904,-0.074385102,0
6.079645,-0.075780653,0
6.08025,-0.077595285,0
6.080855,-0.079617777,0
6.08146,-0.08129411,0
6.082065,-0.081984468,0
6.08267,-0.081741576,0
6.083275,-0.081652594,0
6.08388,-0.082942721,0
6.084485,-0.085684961,0
6.08509,-0.088731058,0
6.085695,-0.090901173,0
6.0863,-0.091913913,0
6.086905,-0.092256396,0
6.08751,-0.09260394,0
6.088115,-0.093484185,0
6.08872,-0.095120851,0
6.089325,-0.097125181,0
6.08993,-0.098327784,0
6.090535,-0.097514127,0
6.09114,-0.09490308,0
6.091745,-0.09269109,0
6.09235,-0.093350604,0
6.092955,-0.097147455,0
6.09356,-0.101866627,0
6.094165,-0.105088634,0
6.09477,-0.106178373,0
6.095375,-0.10607455,0
6.09598,-0.105932789,0
6.096585,-0.106381846,0
6.09719,-0.107614696,0
6.097795,-0.109406942,0
6.0984,-0.110839999,0
6.099005,-0.110660582,0
6.09961,-0.108618927,0
6.100215,-0.106324914,0
6.10082,-0.106055799,0
6.101425,-0.10846144,0
6.10203,-0.111925014,0
6.102635,-0.114331532,0
6.10324,-0.114927213,0
6.103845,-0.114347609,0
6.10445,-0.113521379,0
6.105055,-0.11301726,0
6.10566,-0.113119888,0
6.106265,-0.113807876,0
6.10687,-0.114290224,0
6.107475,-0.11303815,0
6.10808,-0.109204222,0
6.108685,-0.104292682,0
6.10929,-0.101567679,0
6.109895,-0.102982933,0
6.1105,-0.107082661,0
6.111105,-0.110535853,0
6.11171,-0.111303861,0
6.112315,-0.109824048,0
6.11292,-0.107725589,0
6.113525,-0.10625977,0
6.11413,-0.105850442,0
6.114735,-0.106238686,0
6.11534,-0.106470387,0
6.115945,-0.105157336,0
6.11655,-0.101624589,0
6.117155,-0.097077487,0
6.11776,-0.094049809,0
6.118365,-0.094108925,0
6.11897,-0.096294702,0
6.119575,-0.098189624,0
6.12018,-0.098219304,0
6.120785,-0.096565425,0
6.12139,-0.094305807,0
6.121995,-0.092337883,0
6.1226,-0.091090748,0
6.123205,-0.090601446,0
6.12381,-0.090268392,0
6.124415,-0.088659503,0
6.12502,-0.084447321,0
6.125625,-0.078247824,0
6.12623,-0.07307494,0
6.126835,-0.071878145,0
6.12744,-0.074508141,0
6.128045,-0.077887734,0
6.12865,-0.079161714,0
6.129255,-0.077935021,0
6.12986,-0.0755786,0
6.130465,-0.073390039,0
6.13107,-0.071844205,0
6.131675,-0.070915405,0
6.13228,-0.070241387,0
6.132885,-0.068950491,0
6.13349,-0.066089639,0
6.134095,-0.061785155,0
6.1347,-0.057718259,0
6.135305,-0.055803392,0
6.13591,-0.056265275,0
6.136515,-0.057436842,0
6.13712,-0.057490896,0
6.137725,-0.055927283,0
6.13833,-0.053400882,0
6.138935,-0.050732868,0
6.13954,-0.048420296,0
6.140145,-0.046733188,0
6.14075,-0.045636896,0
6.141355,-0.044359333,0
6.14196,-0.041525552,0
6.142565,-0.036504467,0
6.14317,-0.03073223,0
6.143775,-0.026931992,0
6.14438,-0.026484165,0
6.144985,-0.02800629,0
6.14559,-0.028912867,0
6.146195,-0.027863053,0
6.1468,-0.025327825,0
6.147405,-0.022394988,0
6.14801,-0.019719742,0
6.148615,-0.017488396,0
6.14922,-0.015702677,0
6.149825,-0.014086102,0
6.15043,-0.011994158,0
6.151035,-0.008953279,0
6.15164,-0.005400512,0
6.152245,-0.002524834,0
6.15285,-0.001097108,0
6.153455,-0.00065223,0
6.15406,-4.91E-05,0
6.154665,0.001413255,0
6.15527,0.003650824,0
6.155875,0.006223452,0
6.15648,0.008733749,0
6.157085,0.010899094,0
6.15769,0.012583206,0
6.158295,0.013971844,0
6.1589,0.015640537,0
6.159505,0.018166389,0
6.16011,0.021426317,0
6.160715,0.024379003,0
6.16132,0.025941938,0
6.161925,0.026174646,0
6.16253,0.026247545,0
6.163135,0.027183179,0
6.16374,0.028965161,0
6.164345,0.030911869,0
6.16495,0.032540225,0
6.165555,0.033836599,0
6.16616,0.03490852,0
6.166765,0.035779951,0
6.16737,0.036612149,0
6.167975,0.037783867,0
6.16858,0.039448804,0
6.169185,0.041133567,0
6.16979,0.042127899,0
6.170395,0.04232918,0
6.171,0.042410653,0
6.171605,0.043094419,0
6.17221,0.044516327,0
6.172815,0.046311687,0
6.17342,0.04803282,0
6.174025,0.049403111,0
6.17463,0.050379631,0
6.175235,0.051134271,0
6.17584,0.051941711,0
6.176445,0.052994935,0
6.17705,0.054256895,0
6.177655,0.055439079,0
6.17826,0.056206357,0
6.178865,0.056548107,0
6.17947,0.056886167,0
6.180075,0.057666873,0
6.18068,0.058903989,0
6.181285,0.060234264,0
6.18189,0.061347875,0
6.182495,0.062236174,0
6.1831,0.063033728,0
6.183705,0.063766391,0
6.18431,0.064368372,0
6.184915,0.064871923,0
6.18552,0.065391147,0
6.186125,0.065876264,0
6.18673,0.066073182,0
6.187335,0.065881553,0
6.18794,0.065634941,0
6.188545,0.065834722,0
6.18915,0.066640773,0
6.189755,0.067758267,0
6.19036,0.068791729,0
6.190965,0.069578633,0
6.19157,0.070172108,0
6.192175,0.070644907,0
6.19278,0.071031676,0
6.193385,0.07140228,0
6.19399,0.071818241,0
6.194595,0.072161535,0
6.1952,0.072157191,0
6.195805,0.071714087,0
6.19641,0.071161423,0
6.197015,0.07097971,0
6.19762,0.071331198,0
6.198225,0.071967288,0
6.19883,0.072527007,0
6.199435,0.072812584,0
6.20004,0.072825865,0
6.200645,0.072665663,0
6.20125,0.072450815,0
6.201855,0.072283241,0
6.20246,0.072150081,0
6.203065,0.071817739,0
6.20367,0.070951558,0
6.204275,0.069482307,0
6.20488,0.06782656,0
6.205485,0.066622695,0
6.20609,0.066224929,0
6.206695,0.06647748,0
6.2073,0.066909469,0
6.207905,0.067083279,0
6.20851,0.066823126,0
6.209115,0.066243691,0
6.20972,0.06563823,0
6.210325,0.065283955,0
6.21093,0.065207477,0
6.211535,0.065066324,0
6.21214,0.064357938,0
6.212745,0.062902242,0
6.21335,0.06113124,0
6.213955,0.059772976,0
6.21456,0.059205844,0
6.215165,0.059192385,0
6.21577,0.059208825,0
6.216375,0.058905481,0
6.21698,0.058262557,0
6.217585,0.057470272,0
6.21819,0.056763776,0
6.218795,0.056296544,0
6.2194,0.056005254,0
6.220005,0.055521476,0
6.22061,0.054333718,0
6.221215,0.052240261,0
6.22182,0.049697143,0
6.222425,0.04757461,0
6.22303,0.046452095,0
6.223635,0.046183844,0
6.22424,0.046157029,0
6.224845,0.045860531,0
6.22545,0.045181291,0
6.226055,0.044313226,0
6.22666,0.043520185,0
6.227265,0.042944181,0
6.22787,0.042516677,0
6.228475,0.041997617,0
6.22908,0.041128718,0
6.229685,0.039823502,0
6.23029,0.038276091,0
6.230895,0.036859957,0
6.2315,0.035841322,0
6.232105,0.035195055,0
6.23271,0.034722007,0
6.233315,0.034254793,0
6.23392,0.033678711,0
6.234525,0.032855149,0
6.23513,0.03168545,0
6.235735,0.03028145,0
6.23634,0.028946019,0
6.236945,0.02784304,0
6.23755,0.026700893,0
6.238155,0.025002627,0
6.23876,0.022580284,0
6.239365,0.01994195,0
6.23997,0.017871326,0
6.240575,0.016725396,0
6.24118,0.016209556,0
6.241785,0.015752024,0
6.24239,0.014963666,0
6.242995,0.013793551,0
6.2436,0.012405811,0
6.244205,0.010994404,0
6.24481,0.00969619,0
6.245415,0.008581741,0
6.24602,0.007598848,0
6.246625,0.006502601,0
6.24723,0.005005323,0
6.247835,0.003122735,0
6.24844,0.001255895,0
6.249045,-0.000186483,0
6.24965,-0.001164819,0
6.250255,-0.001978623,0
6.25086,-0.002985398,0
6.251465,-0.004384828,0
6.25207,-0.006153235,0
6.252675,-0.008072621,0
6.25328,-0.009853437,0
6.253885,-0.011353035,0
6.25449,-0.012736677,0
6.255095,-0.014389382,0
6.2557,-0.016583407,0
6.256305,-0.019161336,0
6.25691,-0.021602365,0
6.257515,-0.023489186,0
6.25812,-0.024846407,0
6.258725,-0.025977635,0
6.25933,-0.027131274,0
6.259935,-0.02844762,0
6.26054,-0.030082367,0
6.261145,-0.032113808,0
6.26175,-0.0342588,0
6.262355,-0.035901346,0
6.26296,-0.036668083,0
6.263565,-0.036997886,0
6.26417,-0.037906237,0
6.264775,-0.039985883,0
6.26538,-0.042754954,0
6.265985,-0.045187459,0
6.26659,-0.046756474,0
6.267195,-0.047757041,0
6.2678,-0.04877805,0
6.268405,-0.050144076,0
6.26901,-0.051844978,0
6.269615,-0.053734357,0
6.27022,-0.05559618,0
6.270825,-0.057115269,0
6.27143,-0.058073572,0
6.272035,-0.058712198,0
6.27264,-0.059730747,0
6.273245,-0.061675113,0
6.27385,-0.06432462,0
6.274455,-0.066877207,0
6.27506,-0.068717627,0
6.275665,-0.069834308,0
6.27627,-0.070589944,0
6.276875,-0.071355667,0
6.27748,-0.072413421,0
6.278085,-0.073964952,0
6.27869,-0.075899458,0
6.279295,-0.077514954,0
6.2799,-0.077900551,0
6.280505,-0.077034241,0
6.28111,-0.076336496,0
6.281715,-0.077516607,0
6.28232,-0.080722885,0
6.282925,-0.084357005,0
6.28353,-0.086839656,0
6.284135,-0.088014188,0
6.28474,-0.088718565,0
6.285345,-0.089609036,0
6.28595,-0.090790914,0
6.286555,-0.092234585,0
6.28716,-0.093906039,0
6.287765,-0.095366777,0
6.28837,-0.095816321,0
6.288975,-0.095039992,0
6.28958,-0.09413183,0
6.290185,-0.094709375,0
6.29079,-0.097251236,0
6.291395,-0.100579392,0
6.292,-0.103077271,0
6.292605,-0.104054434,0
6.29321,-0.103931952,0
6.293815,-0.1036065,0
6.29442,-0.103868907,0
6.295025,-0.105100329,0
6.29563,-0.106980289,0
6.296235,-0.108294666,0
6.29684,-0.107524683,0
6.297445,-0.104385869,0
6.29805,-0.100892538,0
6.298655,-0.100102241,0
6.29926,-0.103187739,0
6.299865,-0.10816451,0
6.30047,-0.11192658,0
6.301075,-0.113058068,0
6.30168,-0.112386596,0
6.302285,-0.111505604,0
6.30289,-0.111397344,0
6.303495,-0.11219655,0
6.3041,-0.113490262,0
6.304705,-0.114426337,0
6.30531,-0.113924197,0
6.305915,-0.111534706,0
6.30652,-0.108348295,0
6.307125,-0.106541911,0
6.30773,-0.107457139,0
6.308335,-0.110245648,0
6.30894,-0.112743007,0
6.309545,-0.113450456,0
6.31015,-0.112414204,0
6.310755,-0.110604676,0
6.31136,-0.10902735,0
6.311965,-0.108369515,0
6.31257,-0.108780786,0
6.313175,-0.109367018,0
6.31378,-0.108199834,0
6.314385,-0.103876334,0
6.31499,-0.097614882,0
6.315595,-0.093069356,0
6.3162,-0.093073583,0
6.316805,-0.096757527,0
6.31741,-0.100567528,0
6.318015,-0.101782942,0
6.31862,-0.100365956,0
6.319225,-0.097894034,0
6.31983,-0.095756408,0
6.320435,-0.094506558,0
6.32104,-0.094108503,0
6.321645,-0.094021477,0
6.32225,-0.09310215,0
6.322855,-0.090223111,0
6.32346,-0.085644836,0
6.324065,-0.081502394,0
6.32467,-0.080106251,0
6.325275,-0.081591821,0
6.32588,-0.083802716,0
6.326485,-0.084516277,0
6.32709,-0.083196727,0
6.327695,-0.080665354,0
6.3283,-0.077947545,0
6.328905,-0.075815007,0
6.32951,-0.07475618,0
6.330115,-0.074516701,0
6.33072,-0.073653906,0
6.331325,-0.070368438,0
6.33193,-0.064493665,0
6.332535,-0.058480182,0
6.33314,-0.055588262,0
6.333745,-0.056749927,0
6.33435,-0.059664224,0
6.334955,-0.061172198,0
6.33556,-0.060022472,0
6.336165,-0.057205968,0
6.33677,-0.054313763,0
6.337375,-0.052157845,0
6.33798,-0.050727002,0
6.338585,-0.049682976,0
6.33919,-0.048436156,0
6.339795,-0.046169863,0
6.3404,-0.042563945,0
6.341005,-0.038582415,0
6.34161,-0.035918418,0
6.342215,-0.035307821,0
6.34282,-0.035754381,0
6.343425,-0.035647266,0
6.34403,-0.034227951,0
6.344635,-0.031777943,0
6.34524,-0.028906521,0
6.345845,-0.026104579,0
6.34645,-0.023785371,0
6.347055,-0.022216173,0
6.34766,-0.021061379,0
6.348265,-0.019185033,0
6.34887,-0.015521307,0
6.349475,-0.010516553,0
6.35008,-0.006298036,0
6.350685,-0.004737495,0
6.35129,-0.005448284,0
6.351895,-0.006253434,0
6.3525,-0.005462147,0
6.353105,-0.003144922,0
6.35371,-0.000397168,0
6.354315,0.001964542,0
6.35492,0.003831688,0
6.355525,0.005422845,0
6.35613,0.006963571,0
6.356735,0.008736911,0
6.35734,0.011047136,0
6.357945,0.013838562,0
6.35855,0.016478078,0
6.359155,0.018267016,0
6.35976,0.019224747,0
6.360365,0.020086826,0
6.36097,0.021505229,0
6.361575,0.023524293,0
6.36218,0.025812309,0
6.362785,0.028071803,0
6.36339,0.030121079,0
6.363995,0.031812674,0
6.3646,0.033114549,0
6.365205,0.034290702,0
6.36581,0.035844414,0
6.366415,0.038066818,0
6.36702,0.040554123,0
6.367625,0.042393308,0
6.36823,0.043060424,0
6.368835,0.043001769,0
6.36944,0.043161851,0
6.370045,0.044089881,0
6.37065,0.045620576,0
6.371255,0.047246729,0
6.37186,0.04860163,0
6.372465,0.049592542,0
6.37307,0.05027483,0
6.373675,0.050805151,0
6.37428,0.051465949,0
6.374885,0.052465978,0
6.37549,0.053608061,0
6.376095,0.054367574,0
6.3767,0.054483325,0
6.377305,0.054331472,0
6.37791,0.054559522,0
6.378515,0.055484353,0
6.37912,0.056955728,0
6.379725,0.058617075,0
6.38033,0.060124675,0
6.380935,0.06122991,0
6.38154,0.061873432,0
6.382145,0.062280745,0
6.38275,0.062872303,0
6.383355,0.06391999,0
6.38396,0.065212136,0
6.384565,0.066150928,0
6.38517,0.066327706,0
6.385775,0.065978923,0
6.38638,0.065766767,0
6.386985,0.066162198,0
6.38759,0.067124145,0
6.388195,0.068271008,0
6.3888,0.069220165,0
6.389405,0.06978818,0
6.39001,0.070011386,0
6.390615,0.070087147,0
6.39122,0.070240737,0
6.391825,0.070489699,0
6.39243,0.070523025,0
6.393035,0.06998129,0
6.39364,0.068943065,0
6.394245,0.067994853,0
6.39485,0.067697904,0
6.395455,0.068091082,0
6.39606,0.068803958,0
6.396665,0.06950346,0
6.39727,0.070094785,0
6.397875,0.070592829,0
6.39848,0.070975479,0
6.399085,0.071206952,0
6.39969,0.071320555,0
6.400295,0.07139252,0
6.4009,0.071426921,0
6.401505,0.07131031,0
6.40211,0.070930529,0
6.402715,0.070350319,0
6.40332,0.069815728,0
6.403925,0.069564686,0
6.40453,0.06963994,0
6.405135,0.069876499,0
6.40574,0.070041396,0
6.406345,0.069982518,0
6.40695,0.069676259,0
6.407555,0.069198866,0
6.40816,0.068670543,0
6.408765,0.06813364,0
6.40937,0.067411013,0
6.409975,0.066183978,0
6.41058,0.064370266,0
6.411185,0.0623919,0
6.41179,0.060884371,0
6.412395,0.06011023,0
6.413,0.05979625,0
6.413605,0.059545501,0
6.41421,0.059230908,0
6.414815,0.058925423,0
6.41542,0.058616488,0
6.416025,0.058164627,0
6.41663,0.057520994,0
6.417235,0.056826095,0
6.41784,0.056192128,0
6.418445,0.055457498,0
6.41905,0.054319986,0
6.419655,0.052756455,0
6.42026,0.051173105,0
6.420865,0.050049808,0
6.42147,0.049519723,0
6.422075,0.049342937,0
6.42268,0.049176514,0
6.423285,0.048800426,0
6.42389,0.048173315,0
6.424495,0.04738476,0
6.4251,0.046578153,0
6.425705,0.045849815,0
6.42631,0.045116332,0
6.426915,0.044070234,0
6.42752,0.042406268,0
6.428125,0.040209568,0
6.42873,0.03804764,0
6.429335,0.036544167,0
6.42994,0.035870433,0
6.430545,0.035705386,0
6.43115,0.035607633,0
6.431755,0.035321383,0
6.43236,0.034777894,0
6.432965,0.033981721,0
6.43357,0.033021761,0
6.434175,0.032114923,0
6.43478,0.031437219,0
6.435385,0.030840594,0
6.43599,0.029869375,0
6.436595,0.028208283,0
6.4372,0.026101223,0
6.437805,0.02420432,0
6.43841,0.022998182,0
6.439015,0.022403495,0
6.43962,0.021935777,0
6.440225,0.021142437,0
6.44083,0.019899676,0
6.441435,0.018383745,0
6.44204,0.016845809,0
6.442645,0.015431406,0
6.44325,0.014127056,0
6.443855,0.012760805,0
6.44446,0.011056864,0
6.445065,0.008839975,0
6.44567,0.00628628,0
6.446275,0.00389163,0
6.44688,0.00209847,0
6.447485,0.000967997,0
6.44809,0.000202685,0
6.448695,-0.000600342,0
6.4493,-0.001734073,0
6.449905,-0.003291041,0
6.45051,-0.005132861,0
6.451115,-0.006936786,0
6.45172,-0.008408552,0
6.452325,-0.009557556,0
6.45293,-0.010735004,0
6.453535,-0.012308815,0
6.45414,-0.014276419,0
6.454745,-0.01626594,0
6.45535,-0.017925402,0
6.455955,-0.019215538,0
6.45656,-0.020335443,0
6.457165,-0.021509383,0
6.45777,-0.022886712,0
6.458375,-0.024540984,0
6.45898,-0.026459548,0
6.459585,-0.028498648,0
6.46019,-0.03040425,0
6.460795,-0.032000896,0
6.4614,-0.033431352,0
6.462005,-0.035122456,0
6.46261,-0.03735854,0
6.463215,-0.03988978,0
6.46382,-0.042099224,0
6.464425,-0.043575224,0
6.46503,-0.044440784,0
6.465635,-0.045158896,0
6.46624,-0.046125297,0
6.466845,-0.047472172,0
6.46745,-0.049153417,0
6.468055,-0.051012809,0
6.46866,-0.052688761,0
6.469265,-0.053708058,0
6.46987,-0.05401761,0
6.470475,-0.054358603,0
6.47108,-0.055699405,0
6.471685,-0.058200382,0
6.47229,-0.061062754,0
6.472895,-0.063423565,0
6.4735,-0.065055591,0
6.474105,-0.066216623,0
6.47471,-0.067235633,0
6.475315,-0.068408453,0
6.47592,-0.070020807,0
6.476525,-0.072106721,0
6.47713,-0.074142582,0
6.477735,-0.075334164,0
6.47834,-0.075515366,0
6.478945,-0.075620113,0
6.47955,-0.076873084,0
6.480155,-0.079465675,0
6.48076,-0.082378109,0
6.481365,-0.084531875,0
6.48197,-0.085709565,0
6.482575,-0.086335215,0
6.48318,-0.086865717,0
6.483785,-0.087638195,0
6.48439,-0.088967237,0
6.484995,-0.090875595,0
6.4856,-0.092604783,0
6.486205,-0.092866151,0
6.48681,-0.0911846,0
6.487415,-0.088995593,0
6.48802,-0.088746548,0
6.488625,-0.091507526,0
6.48923,-0.09586172,0
6.489835,-0.099421747,0
6.49044,-0.101005667,0
6.491045,-0.101164067,0
6.49165,-0.101148484,0
6.492255,-0.101801637,0
6.49286,-0.103235081,0
6.493465,-0.105023957,0
6.49407,-0.10637661,0
6.494675,-0.106417967,0
6.49528,-0.104954685,0
6.495885,-0.103140556,0
6.49649,-0.102842951,0
6.497095,-0.104867522,0
6.4977,-0.108084138,0
6.498305,-0.110650276,0
6.49891,-0.111727256,0
6.499515,-0.111705517,0
6.50012,-0.111289812,0
6.500725,-0.110960377,0
6.50133,-0.11112789,0
6.501935,-0.112054914,0
6.50254,-0.113144248,0
6.503145,-0.112715123,0
6.50375,-0.109461142,0
6.504355,-0.104542679,0
6.50496,-0.101449268,0
6.505565,-0.102821666,0
6.50617,-0.107634066,0
6.506775,-0.112240655,0
6.50738,-0.113938156,0
6.507985,-0.112910407,0
6.50859,-0.111114719,0
6.509195,-0.110151168,0
6.5098,-0.110309304,0
6.510405,-0.11095669,0
6.51101,-0.111165668,0
6.511615,-0.110047991,0
6.51222,-0.107224228,0
6.512825,-0.103504963,0
6.51343,-0.100779415,0
6.514035,-0.10049954,0
6.51464,-0.102219871,0
6.515245,-0.104109485,0
6.51585,-0.104766445,0
6.516455,-0.104020603,0
6.51706,-0.102291014,0
6.517665,-0.100057264,0
6.51827,-0.098087597,0
6.518875,-0.097308855,0
6.51948,-0.097657984,0
6.520085,-0.097281331,0
6.52069,-0.093851343,0
6.521295,-0.087349214,0
6.5219,-0.081126491,0
6.522505,-0.079176648,0
6.52311,-0.082090504,0
6.523715,-0.086409812,0
6.52432,-0.088185943,0
6.524925,-0.086516733,0
6.52553,-0.083438143,0
6.526135,-0.081185724,0
6.52674,-0.080257431,0
6.527345,-0.079832604,0
6.52795,-0.079090348,0
6.528555,-0.077581733,0
6.52916,-0.074913962,0
6.529765,-0.071056448,0
6.53037,-0.067045541,0
6.530975,-0.064568637,0
6.53158,-0.064386605,0
6.532185,-0.065552346,0
6.53279,-0.066390113,0
6.533395,-0.065813038,0
6.534,-0.0636567,0
6.534605,-0.060445609,0
6.53521,-0.057217023,0
6.535815,-0.055092843,0
6.53642,-0.054356566,0
6.537025,-0.05379226,0
6.53763,-0.051364618,0
6.538235,-0.04618088,0
6.53884,-0.039967715,0
6.539445,-0.036027264,0
6.54005,-0.036104697,0
6.540655,-0.038543272,0
6.54126,-0.040050224,0
6.541865,-0.038947306,0
6.54247,-0.036160104,0
6.543075,-0.03344153,0
6.54368,-0.031481073,0
6.544285,-0.029888301,0
6.54489,-0.028292598,0
6.545495,-0.026711938,0
6.5461,-0.024960434,0
6.546705,-0.022471444,0
6.54731,-0.01912287,0
6.547915,-0.015846022,0
6.54852,-0.013849502,0
6.549125,-0.013285936,0
6.54973,-0.013083709,0
6.550335,-0.012040238,0
6.55094,-0.009787205,0
6.551545,-0.006831814,0
6.55215,-0.004005888,0
6.552755,-0.001890527,0
6.55336,-0.000499961,0
6.553965,0.000730319,0
6.55457,0.002651172,0
6.555175,0.005814521,0
6.55578,0.009845275,0
6.556385,0.013412331,0
6.55699,0.01524878,0
6.557595,0.015414734,0
6.5582,0.015266258,0
6.558805,0.01607161,0
6.55941,0.01795607,0
6.560015,2.02E-02,0.00E+00
6.56062,0.022247001,0
6.561225,0.023948966,0
6.56183,0.025428748,0
6.562435,0.026726967,0
6.56304,0.027952589,0
6.563645,0.029421644,0
6.56425,0.031354205,0
6.564855,0.033465279,0
6.56546,0.035142261,0
6.566065,0.036137397,0
6.56667,0.036861999,0
6.567275,0.037879616,0
6.56788,0.039334266,0
6.568485,0.040991327,0
6.56909,0.042609363,0
6.569695,0.044096043,0
6.5703,0.045426542,0
6.570905,0.046613855,0
6.57151,0.047787804,0
6.572115,0.049170189,0
6.57272,0.050838538,0
6.573325,0.052494227,0
6.57393,0.053600356,0
6.574535,0.053908021,0
6.57514,0.053790091,0
6.575745,0.053908267,0
6.57635,0.05461571,0
6.576955,0.055788567,0
6.57756,0.057095794,0
6.578165,0.058251475,0
6.57877,0.059078762,0
6.579375,0.059551564,0
6.57998,0.059858644,0
6.580585,0.060293614,0
6.58119,0.06094873,0
6.581795,0.061564861,0
6.5824,0.061802267,0
6.583005,0.061664191,0
6.58361,0.061546571,0
6.584215,0.061843678,0
6.58482,0.062627537,0
6.585425,0.063734761,0
6.58603,0.064982967,0
6.586635,0.066214419,0
6.58724,0.067272551,0
6.587845,0.068075356,0
6.58845,0.068697882,0
6.589055,0.069313804,0
6.58966,0.07002586,0
6.590265,0.070736015,0
6.59087,0.071183878,0
6.591475,0.071186073,0
6.59208,0.070887256,0
6.592685,0.070710752,0
6.59329,0.071007107,0
6.593895,0.071766683,0
6.5945,0.072658331,0
6.595105,0.073299535,0
6.59571,0.073500758,0
6.596315,0.073335067,0
6.59692,0.073064288,0
6.597525,0.072970483,0
6.59813,0.073102008,0
6.598735,0.0731107,0
6.59934,0.072480815,0
6.599945,0.071088739,0
6.60055,0.069491192,0
6.601155,0.068492128,0
6.60176,0.068428705,0
6.602365,0.068996935,0
6.60297,0.069682339,0
6.603575,0.070159881,0
6.60418,0.070324442,0
6.604785,0.070177526,0
6.60539,0.069813137,0
6.605995,0.069436408,0
6.6066,0.069232256,0
6.607205,0.069121713,0
6.60781,0.068716774,0
6.608415,0.067675504,0
6.60902,0.066141287,0
6.609625,0.064701931,0
6.61023,0.063852702,0
6.610835,0.06358963,0
6.61144,0.063539077,0
6.612045,0.063351307,0
6.61265,0.062909612,0
6.613255,0.062262206,0
6.61386,0.061494899,0
6.614465,0.060696993,0
6.61507,0.059919773,0
6.615675,0.059047954,0
6.61628,0.057787785,0
6.616885,0.055952025,0
6.61749,0.05377612,0
6.618095,0.051825901,0
6.6187,0.050544867,0
6.619305,0.049954105,0
6.61991,0.049769261,0
6.620515,0.049678924,0
6.62112,0.049476127,0
6.621725,0.049046094,0
6.62233,0.048373349,0
6.622935,0.047592655,0
6.62354,0.04693209,0
6.624145,0.046480883,0
6.62475,0.045998109,0
6.625355,0.045066691,0
6.62596,0.043546698,0
6.626565,0.041828335,0
6.62717,0.040511646,0
6.627775,0.039844917,0
6.62838,0.039571728,0
6.628985,0.039287909,0
6.62959,0.038805537,0
6.630195,0.038146938,0
6.6308,0.037336171,0
6.631405,0.036356216,0
6.63201,0.035285931,0
6.632615,0.034281612,0
6.63322,0.033308355,0
6.633825,0.032028013,0
6.63443,0.030157251,0
6.635035,0.027911135,0
6.63564,0.025896287,0
6.636245,0.024535596,0
6.63685,0.023747278,0
6.637455,0.023181707,0
6.63806,0.022584878,0
6.638665,0.021874941,0
6.63927,0.021023867,0
6.639875,0.02003761,0
6.64048,0.019048461,0
6.641085,0.018249047,0
6.64169,0.017601539,0
6.642295,0.016701252,0
6.6429,0.015128143,0
6.643505,0.012970339,0
6.64411,0.010832885,0
6.644715,0.009261131,0
6.64532,0.008287443,0
6.645925,0.007549609,0
6.64653,0.006663031,0
6.647135,0.005428738,0
6.64774,0.003838048,0
6.648345,0.002008111,0
6.64895,0.000119091,0
6.649555,-0.001669823,0
6.65016,-0.003350841,0
6.650765,-0.005143486,0
6.65137,-0.007329365,0
6.651975,-0.009892212,0
6.65258,-0.012400304,0
6.653185,-0.014396879,0
6.65379,-0.015849403,0
6.654395,-0.017093986,0
6.655,-0.018431462,0
6.655605,-0.019919812,0
6.65621,-0.021503435,0
6.656815,-0.023171583,0
6.65742,-0.024902491,0
6.658025,-0.026525631,0
6.65863,-0.027808069,0
6.659235,-0.028788071,0
6.65984,-2.99E-02,0.00E+00
6.660445,-0.031734398,0
6.66105,-0.034140491,0
6.661655,-0.036536289,0
6.66226,-0.038354599,0
6.662865,-0.039528961,0
6.66347,-0.040394602,0
6.664075,-0.04133922,0
6.66468,-0.042591504,0
6.665285,-0.044192008,0
6.66589,-0.045984363,0
6.666495,-0.047624426,0
6.6671,-0.048796455,0
6.667705,-0.049591519,0
6.66831,-0.050601416,0
6.668915,-0.05240949,0
6.66952,-0.054923422,0
6.670125,-0.057400078,0
6.67073,-0.059199573,0
6.671335,-0.060335943,0
6.67194,-0.061252709,0
6.672545,-0.0622889,0
6.67315,-0.063522734,0
6.673755,-0.064993707,0
6.67436,-0.06673296,0
6.674965,-0.068429793,0
6.67557,-0.069408974,0
6.676175,-0.069400539,0
6.67678,-0.069266538,0
6.677385,-0.070407567,0
6.67799,-0.073240167,0
6.678595,-0.076696796,0
6.6792,-0.079405734,0
6.679805,-0.080927471,0
6.68041,-0.081734021,0
6.681015,-0.082492159,0
6.68162,-0.083635913,0
6.682225,-0.085331858,0
6.68283,-0.087438131,0
6.683435,-0.089390134,0
6.68404,-0.090412907,0
6.684645,-0.090227687,0
6.68525,-0.089632813,0
6.685855,-0.090065464,0
6.68646,-0.092268217,0
6.687065,-0.095523354,0
6.68767,-0.09840525,0
6.688275,-0.100050065,0
6.68888,-0.100541934,0
6.689485,-0.100465893,0
6.69009,-0.100489589,0
6.690695,-0.101220999,0
6.6913,-0.102884573,0
6.691905,-0.104740355,0
6.69251,-0.105168073,0
6.693115,-0.103127089,0
6.69372,-0.099818612,0
6.694325,-0.098228126,0
6.69493,-0.100300986,0
6.695535,-0.104861599,0
6.69614,-0.108892078,0
6.696745,-0.110501524,0
6.69735,-0.110136023,0
6.697955,-0.10938363,0
6.69856,-0.109379545,0
6.699165,-0.110330588,0
6.69977,-0.111850048,0
6.700375,-0.113159331,0
6.70098,-0.113171679,0
6.701585,-0.111206778,0
6.70219,-0.108098245,0
6.702795,-0.106097119,0
6.7034,-0.106905411,0
6.704005,-0.109887746,0
6.70461,-0.112781279,0
6.705215,-0.113960265,0
6.70582,-0.113462844,0
6.706425,-0.112188536,0
6.70703,-0.110960704,0
6.707635,-0.110388953,0
6.70824,-0.110778203,0
6.708845,-0.111534319,0
6.70945,-0.110977067,0
6.710055,-0.107613166,0
6.71066,-0.102096729,0
6.711265,-0.097525561,0
6.71187,-0.096938785,0
6.712475,-0.100316396,0
6.71308,-0.10457496,0
6.713685,-0.106600921,0
6.71429,-0.10578179,0
6.714895,-0.103624843,0
6.7155,-0.101731326,0
6.716105,-0.100670202,0
6.71671,-0.10032003,0
6.717315,-0.100284285,0
6.71792,-0.099673861,0
6.718525,-0.097325971,0
6.71913,-0.093126352,0
6.719735,-0.088895628,0
6.72034,-0.087055795,0
6.720945,-0.088193389,0
6.72155,-0.090507496,0
6.722155,-0.091717512,0
6.72276,-0.090923564,0
6.723365,-0.088663256,0
6.72397,-0.085995163,0
6.724575,-0.083897642,0
6.72518,-0.082979094,0
6.725785,-0.082986728,0
6.72639,-0.082451136,0
6.726995,-0.07946308,0
6.7276,-0.073618125,0
6.728205,-0.067263535,0
6.72881,-0.063981647,0
6.729415,-0.065210778,0
6.73002,-0.06876772,0
6.730625,-0.071117793,0
6.73123,-0.070610165,0
6.731835,-0.068158767,0
6.73244,-0.065481112,0
6.733045,-0.063473399,0
6.73365,-0.062121648,0
6.734255,-0.061120776,0
6.73486,-0.060003146,0
6.735465,-0.05797701,0
6.73607,-0.054446729,0
6.736675,-0.050037009,0
6.73728,-0.04659753,0
6.737885,-0.045563256,0
6.73849,-0.046425513,0
6.739095,-0.047255475,0
6.7397,-0.046554008,0
6.740305,-0.044232389,0
6.74091,-0.041131731,0
6.741515,-0.038183017,0
6.74212,-0.035999782,0
6.742725,-0.03469403,0
6.74333,-0.033630303,0
6.743935,-0.031520313,0
6.74454,-0.027388122,0
6.745145,-0.021871982,0
6.74575,-0.017261772,0
6.746355,-0.015558849,0
6.74696,-0.016442695,0
6.747565,-0.017675087,0
6.74817,-0.01742439,0
6.748775,-0.015603785,0
6.74938,-0.013106522,0
6.749985,-0.010573119,0
6.75059,-0.008207525,0
6.751195,-0.006234797,0
6.7518,-0.004842207,0
6.752405,-0.003625721,0
6.75301,-0.001662739,0
6.753615,0.001450024,0
6.75422,0.004830478,0
6.754825,0.007054241,0
6.75543,0.007730612,0
6.756035,0.007953962,0
6.75664,0.009098474,0
6.757245,0.011523772,0
6.75785,0.014536452,0
6.758455,0.017252104,0
6.75906,0.019278525,0
6.759665,0.020747285,0
6.76027,0.02202316,0
6.760875,0.02353161,0
6.76148,0.025680632,0
6.762085,0.028587437,0
6.76269,0.031709975,0
6.763295,0.034034139,0
6.7639,0.03499708,0
6.764505,0.035112716,0
6.76511,0.035434559,0
6.765715,0.036572846,0
6.76632,0.038409899,0
6.766925,0.040492477,0
6.76753,0.042389498,0
6.768135,0.043781373,0
6.76874,0.044553986,0
6.769345,0.044972465,0
6.76995,0.045603904,0
6.770555,0.046827545,0
6.77116,0.048387076,0
6.771765,0.049598826,0
6.77237,0.050110586,0
6.772975,0.050321162,0
6.77358,0.050910137,0
6.774185,0.052089315,0
6.77479,0.053503087,0
6.775395,0.054758174,0
6.776,0.055819424,0
6.776605,0.056875045,0
6.77721,0.057993184,0
6.777815,0.059029122,0
6.77842,0.059845613,0
6.779025,0.060534922,0
6.77963,0.061325249,0
6.780235,0.062253409,0
6.78084,0.063064712,0
6.781445,0.063523074,0
6.78205,0.063709831,0
6.782655,0.063943691,0
6.78326,0.064493745,0
6.783865,0.065394123,0
6.78447,0.066439569,0
6.785075,0.06731667,0
6.78568,0.067813519,0
6.786285,0.067998019,0
6.78689,0.068177799,0
6.787495,0.068573057,0
6.7881,0.068997327,0
6.788705,0.068984027,0
6.78931,0.068346182,0
6.789915,0.067529059,0
6.79052,0.067220473,0
6.791125,0.067635258,0
6.79173,0.068376235,0
6.792335,0.068980877,0
6.79294,0.069384516,0
6.793545,0.069785535,0
6.79415,0.070241293,0
6.794755,0.070589333,0
6.79536,0.070744943,0
6.795965,0.070877642,0
6.79657,0.071160154,0
6.797175,0.071428731,0
6.79778,0.071285907,0
6.798385,0.070587348,0
6.79899,0.069687602,0
6.799595,0.069134305,0
6.8002,0.069200127,0
6.800805,0.069721307,0
6.80141,0.070277515,0
6.802015,0.070485782,0
6.80262,0.070223665,0
6.803225,0.06969245,0
6.80383,0.069261614,0
6.804435,0.069126848,0
6.80504,0.069042177,0
6.805645,0.068465277,0
6.80625,0.067095981,0
6.806855,0.065280404,0
6.80746,0.063774361,0
6.808065,0.063071489,0
6.80867,0.063050193,0
6.809275,0.063271645,0
6.80988,0.063450175,0
6.810485,0.063545931,0
6.81109,0.063543777,0
6.811695,0.06334379,0
6.8123,0.062909294,0
6.812905,0.062386338,0
6.81351,0.061928429,0
6.814115,0.061407399,0
6.81472,0.06045682,0
6.815325,0.058924048,0
6.81593,0.057188085,0
6.816535,0.055867915,0
6.81714,0.055239262,0
6.817745,0.055035665,0
6.81835,0.054767254,0
6.818955,0.054140396,0
6.81956,0.053206959,0
6.820165,0.052210961,0
6.82077,0.0513396,0
6.821375,0.050582894,0
6.82198,0.049751087,0
6.822585,0.048601966,0
6.82319,0.047023476,0
6.823795,0.045167934,0
6.8244,0.04338196,0
6.825005,0.041943359,0
6.82561,0.040880792,0
6.826215,0.040063016,0
6.82682,0.039392717,0
6.827425,0.038861725,0
6.82803,0.038449591,0
6.828635,0.03803598,0
6.82924,0.037482833,0
6.829845,0.036810348,0
6.83045,0.036183148,0
6.831055,0.035622467,0
6.83166,0.03482571,0
6.832265,0.033475396,0
6.83287,0.031722328,0
6.833475,0.030132217,0
6.83408,0.029094414,0
6.834685,0.028481907,0
6.83529,0.027940208,0
6.835895,0.027289958,0
6.8365,0.026540347,0
6.837105,0.025681617,0
6.83771,0.024645071,0
6.838315,0.023433004,0
6.83892,0.022139711,0
6.839525,0.020793849,0
6.84013,0.019268374,0
6.840735,0.017434237,0
6.84134,0.015378648,0
6.841945,0.013390591,0
6.84255,0.011734676,0
6.843155,0.01050288,0
6.84376,0.009638823,0
6.844365,0.008984409,0
6.84497,0.008305234,0
6.845575,0.007371972,0
6.84618,0.006085068,0
6.846785,0.004559455,0
6.84739,0.003086765,0
6.847995,0.001907021,0
6.8486,0.000899425,0
6.849205,-0.00042141,0
6.84981,-0.002408586,0
6.850415,-0.004818111,0
6.85102,-0.007034428,0
6.851625,-0.008705875,0
6.85223,-0.009977251,0
6.852835,-0.011194751,0
6.85344,-0.012600876,0
6.854045,-0.014289929,0
6.85465,-0.016255594,0
6.855255,-0.018368821,0
6.85586,-0.020388125,0
6.856465,-0.022142469,0
6.85707,-0.023750244,0
6.857675,-0.025571085,0
6.85828,-0.027837941,0
6.858885,-0.030354205,0
6.85949,-0.032658415,0
6.860095,-0.034473394,0
6.8607,-0.035887419,0
6.861305,-0.037140681,0
6.86191,-0.038397889,0
6.862515,-0.039763901,0
6.86312,-0.041362985,0
6.863725,-0.043212622,0
6.86433,-0.04501342,0
6.864935,-0.046274674,0
6.86554,-0.046858414,0
6.866145,-0.047359756,0
6.86675,-0.048668492,0
6.867355,-0.051017162,0
6.86796,-0.053683456,0
6.868565,-0.055772028,0
6.86917,-0.057065045,0
6.869775,-0.057981146,0
6.87038,-0.058962775,0
6.870985,-0.060166862,0
6.87159,-0.061646958,0
6.872195,-0.063460603,0
6.8728,-0.065418064,0
6.873405,-0.067003424,0
6.87401,-0.067891736,0
6.874615,-0.068490099,0
6.87522,-0.069645172,0
6.875825,-0.071731793,0
6.87643,-0.07427669,0
6.877035,-0.076535501,0
6.87764,-0.078149392,0
6.878245,-0.079185239,0
6.87885,-0.079877199,0
6.879455,-0.080539728,0
6.88006,-0.081575609,0
6.880665,-0.083226299,0
6.88127,-0.085086725,0
6.881875,-0.086072479,0
6.88248,-0.085404726,0
6.883085,-0.083843458,0
6.88369,-0.08344984,0
6.884295,-0.085597983,0
6.8849,-0.089479208,0
6.885505,-0.092999771,0
6.88611,-0.094850384,0
6.886715,-0.095329339,0
6.88732,-0.095514203,0
6.887925,-0.096171752,0
6.88853,-0.097463112,0
6.889135,-0.099185463,0
6.88974,-0.100808957,0
6.890345,-0.101446522,0
6.89095,-0.100502578,0
6.891555,-0.098702881,0
6.89216,-0.097978847,0
6.892765,-0.099683213,0
6.89337,-0.10308883,0
6.893975,-0.106172451,0
6.89458,-0.10764669,0
6.895185,-0.107736303,0
6.89579,-0.107336245,0
6.896395,-0.107147293,0
6.897,-0.107608047,0
6.897605,-0.108907885,0
6.89821,-0.110492368,0
6.898815,-0.110844893,0
6.89942,-0.108627896,0
6.900025,-0.104542452,0
6.90063,-0.101557403,0
6.901235,-0.102393605,0
6.90184,-0.106737209,0
6.902445,-0.11156256,0
6.90305,-0.114115638,0
6.903655,-0.114005519,0
6.90426,-0.112654626,0
6.904865,-0.111595274,0
6.90547,-0.111526428,0
6.906075,-0.112336634,0
6.90668,-0.113275428,0
6.907285,-0.113119701,0
6.90789,-0.110927215,0
6.908495,-0.107207561,0
6.9091,-0.104086423,0
6.909705,-0.103611308,0
6.91031,-0.105745214,0
6.910915,-0.108450212,0
6.91152,-0.109727257,0
6.912125,-0.109116829,0
6.91273,-0.107356463,0
6.913335,-0.105337716,0
6.91394,-0.103718566,0
6.914545,-0.102988035,0
6.91515,-0.103072227,0
6.915755,-0.102698288,0
6.91636,-0.099927694,0
6.916965,-0.094270755,0
6.91757,-0.088207384,0
6.918175,-0.085525646,0
6.91878,-0.08758691,0
6.919385,-0.091881159,0
6.91999,-0.094665628,0
6.920595,-0.094368874,0
6.9212,-0.092104986,0
6.921805,-0.089722409,0
6.92241,-0.088172401,0
6.923015,-0.087466042,0
6.92362,-0.087209287,0
6.924225,-0.086653027,0
6.92483,-0.084746757,0
6.925435,-0.081037938,0
6.92604,-0.07668008,0
6.926645,-0.073872278,0
6.92725,-0.073799968,0
6.927855,-0.075434378,0
6.92846,-0.076665418,0
6.929065,-0.076217669,0
6.92967,-0.07421987,0
6.930275,-0.071513458,0
6.93088,-0.068983889,0
6.931485,-0.067296596,0
6.93209,-0.06657199,0
6.932695,-0.065932534,0
6.9333,-0.063688939,0
6.933905,-0.058762356,0
6.93451,-0.052353371,0
6.935115,-0.047644973,0
6.93572,-0.046966118,0
6.936325,-0.049319647,0
6.93693,-0.051417095,0
6.937535,-0.051012901,0
6.93814,-0.048528593,0
6.938745,-0.045662073,0
6.93935,-0.043399688,0
6.939955,-0.041667478,0
6.94056,-0.040153542,0
6.941165,-0.038670247,0
6.94177,-0.036821403,0
6.942375,-0.034051817,0
6.94298,-0.030410116,0
6.943585,-0.0269561,0
6.94419,-0.024927103,0
6.944795,-0.024457465,0
6.9454,-0.024426078,0
6.946005,-0.023562627,0
6.94661,-0.021442125,0
6.947215,-0.018506942,0
6.94782,-0.015504952,0
6.948425,-0.013023285,0
6.94903,-0.011291179,0
6.949635,-0.010033517,0
6.95024,-0.008421053,0
6.950845,-0.005537423,0
6.95145,-0.001339054,0
6.952055,0.00285781,0
6.95266,0.005325856,0
6.953265,0.005642071,0
6.95387,0.005163537,0
6.954475,0.005610203,0
6.95508,0.007491703,0
6.955685,0.010061288,0
6.95629,0.012421559,0
6.956895,0.014311562,0
6.9575,0.0159252,0
6.958105,0.017424874,0
6.95871,0.018917955,0
6.959315,2.07E-02,0.00E+00
6.95992,0.022822065,0
6.960525,0.025100164,0
6.96113,0.026801198,0
6.961735,0.027617887,0
6.96234,0.028029595,0
6.962945,0.028806087,0
6.96355,0.030311729,0
6.964155,0.032386863,0
6.96476,0.034656528,0
6.965365,0.036781262,0
6.96597,0.038527302,0
6.966575,0.039809807,0
6.96718,0.040796183,0
6.967785,0.041913189,0
6.96839,0.043546986,0
6.968995,0.04558022,0
6.9696,0.047330876,0
6.970205,0.048204101,0
6.97081,0.048401166,0
6.971415,0.04874165,0
6.97202,0.049784763,0
6.972625,0.051344171,0
6.97323,0.052863232,0
6.973835,0.054043917,0
6.97444,0.05498555,0
6.975045,0.055840544,0
6.97565,0.056596094,0
6.976255,0.057238521,0
6.97686,0.057884039,0
6.977465,0.058587396,0
6.97807,0.059165692,0
6.978675,0.059406544,0
6.97928,0.059410817,0
6.979885,0.059562454,0
6.98049,0.060158523,0
6.981095,0.061178802,0
6.9817,0.062389664,0
6.982305,0.063559271,0
6.98291,0.064564611,0
6.983515,0.065390052,0
6.98412,0.066100456,0
6.984725,0.066791217,0
6.98533,0.067496736,0
6.985935,0.068121476,0
6.98654,0.068491087,0
6.987145,0.068544726,0
6.98775,0.068491942,0
6.988355,0.068678428,0
6.98896,0.069248321,0
6.989565,0.070021613,0
6.99017,0.07072999,0
6.990775,0.071266469,0
6.99138,0.071644693,0
6.991985,0.071834443,0
6.99259,0.071798622,0
6.993195,0.071651043,0
6.9938,0.071575897,0
6.994405,0.071527553,0
6.99501,0.071168471,0
6.995615,0.070247135,0
6.99622,0.068987165,0
6.996825,0.067972608,0
6.99743,0.067641584,0
6.998035,0.067964891,0
6.99864,0.068573965,0
6.999245,0.069079558,0
6.99985,0.069280171,0
7.000455,0.069201033,0
7.00106,0.069013315,0
7.001665,0.068890504,0
7.00227,0.068888505,0
7.002875,0.068909892,0
7.00348,0.068740035,0
7.004085,0.068170944,0
7.00469,0.067215427,0
7.005295,0.06620136,0
7.0059,0.065540455,0
7.006505,0.065385822,0
7.00711,0.065559567,0
7.007715,0.065753646,0
7.00832,0.065732685,0
7.008925,0.065418284,0
7.00953,0.064904287,0
7.010135,0.064400817,0
7.01074,0.06404682,0
7.011345,0.063678042,0
7.01195,0.06284064,0
7.012555,0.061211471,0
7.01316,0.059069856,0
7.013765,0.057200542,0
7.01437,0.056196642,0
7.014975,0.055944607,0
7.01558,0.055878201,0
7.016185,0.055606906,0
7.01679,0.055171801,0
7.017395,0.054784591,0
7.018,0.054495593,0
7.018605,0.054178268,0
7.01921,0.053754349,0
7.019815,0.053296027,0
7.02042,0.052842633,0
7.021025,0.052198032,0
7.02163,0.051067173,0
7.022235,0.04944428,0
7.02284,0.047760619,0
7.023445,0.04657107,0
7.02405,0.046107717,0
7.024655,0.046103106,0
7.02526,0.045989962,0
7.025865,0.045322721,0
7.02647,0.044105945,0
7.027075,0.042758439,0
7.02768,0.041727186,0
7.028285,0.041050025,0
7.02889,0.040245995,0
7.029495,0.038708455,0
7.0301,0.036329497,0
7.030705,0.033737886,0
7.03131,0.03180032,0
7.031915,0.030856272,0
7.03252,0.030519317,0
7.033125,0.03017722,0
7.03373,0.029520095,0
7.034335,0.028581247,0
7.03494,0.027484647,0
7.035545,0.026338888,0
7.03615,0.025314656,0
7.036755,0.024602292,0
7.03736,0.024156467,0
7.037965,0.02353906,0
7.03857,0.022205834,0
7.039175,0.020089542,0
7.03978,0.017808655,0
7.040385,0.016132242,0
7.04099,0.015257113,0
7.041595,0.01469583,0
7.0422,0.013822528,0
7.042805,0.012439636,0
7.04341,0.010825793,0
7.044015,0.009330002,0
7.04462,0.008008784,0
7.045225,0.006646032,0
7.04583,0.005017173,0
7.046435,0.00305997,0
7.04704,0.000861144,0
7.047645,-0.001395408,0
7.04825,-0.00348824,0
7.048855,-0.005287234,0
7.04946,-0.006822651,0
7.050065,-0.008167596,0
7.05067,-0.009322832,0
7.051275,-0.010322361,0
7.05188,-0.011400727,0
7.052485,-0.012881983,0
7.05309,-0.014803603,0
7.053695,-0.016737374,0
7.0543,-0.018151236,0
7.054905,-0.019010597,0
7.05551,-0.019917899,0
7.056115,-0.021520707,0
7.05672,-0.023810347,0
7.057325,-0.026141342,0
7.05793,-0.027909733,0
7.058535,-0.029059697,0
7.05914,-0.029970687,0
7.059745,-0.03104807,0
7.06035,-0.032471921,0
7.060955,-0.034205276,0
7.06156,-0.036095644,0
7.062165,-0.037935157,0
7.06277,-0.03953494,0
7.063375,-0.040891864,0
7.06398,-0.042298159,0
7.064585,-0.044146905,0
7.06519,-0.04652791,0
7.065795,-0.049069609,0
7.0664,-0.051227814,0
7.067005,-0.052688818,0
7.06761,-0.053533459,0
7.068215,-0.054144216,0
7.06882,-0.054987632,0
7.069425,-0.056388633,0
7.07003,-0.058339846,0
7.070635,-0.060367158,0
7.07124,-0.061683183,0
7.071845,-0.061866827,0
7.07245,-0.061576926,0
7.073055,-0.062227814,0
7.07366,-0.064585229,0
7.074265,-0.067912379,0
7.07487,-0.07080317,0
7.075475,-0.072568226,0
7.07608,-0.07353682,0
7.076685,-0.074371318,0
7.07729,-0.075497548,0
7.077895,-0.07706473,0
7.0785,-0.079026511,0
7.079105,-0.081036362,0
7.07971,-0.082463093,0
7.080315,-0.082891459,0
7.08092,-0.082748891,0
7.081525,-0.083191339,0
7.08213,-0.085040611,0
7.082735,-0.087889227,0
7.08334,-0.090519302,0
7.083945,-0.092092931,0
7.08455,-0.092688053,0
7.085155,-0.092885948,0
7.08576,-0.093242352,0
7.086365,-0.094160305,0
7.08697,-0.09580493,0
7.087575,-0.097689936,0
7.08818,-0.098534472,0
7.088785,-0.09726437,0
7.08939,-0.094557265,0
7.089995,-0.092894189,0
7.0906,-0.09434407,0
7.091205,-0.098413313,0
7.09181,-0.102641281,0
7.092415,-0.105080901,0
7.09302,-0.105651887,0
7.093625,-0.105427949,0
7.09423,-0.105383027,0
7.094835,-0.105931834,0
7.09544,-0.107114395,0
7.096045,-0.108626606,0
7.09665,-0.109616499,0
7.097255,-0.109044783,0
7.09786,-0.106891124,0
7.098465,-0.104887125,0
7.09907,-0.105235055,0
7.099675,-0.108266595,0
7.10028,-0.111969995,0
7.100885,-0.114114971,0
7.10149,-0.114253628,0
7.102095,-0.113399094,0
7.1027,-0.11252125,0
7.103305,-0.112045541,0
7.10391,-0.112282425,0
7.104515,-0.113180456,0
7.10512,-0.113528806,0
7.105725,-0.111554511,0
7.10633,-0.107122639,0
7.106935,-0.102776888,0
7.10754,-0.101620649,0
7.108145,-0.104212824,0
7.10875,-0.108215584,0
7.109355,-0.110882539,0
7.10996,-0.111172792,0
7.110565,-0.109745423,0
7.11117,-0.107865868,0
7.111775,-0.106544761,0
7.11238,-0.106194113,0
7.112985,-0.106508077,0
7.11359,-0.106403295,0
7.114195,-0.104457617,0
7.1148,-0.100246364,0
7.115405,-0.095486314,0
7.11601,-0.093022764,0
7.116615,-0.094025282,0
7.11722,-0.096708157,0
7.117825,-0.098309436,0
7.11843,-0.097719252,0
7.119035,-0.095734406,0
7.11964,-0.093549807,0
7.120245,-0.091842803,0
7.12085,-0.090919731,0
7.121455,-0.090702584,0
7.12206,-0.090224255,0
7.122665,-0.087805193,0
7.12327,-0.082621015,0
7.123875,-0.076295754,0
7.12448,-0.072221661,0
7.125085,-0.072552286,0
7.12569,-0.076046106,0
7.126295,-0.079338812,0
7.1269,-0.080047403,0
7.127505,-0.07825581,0
7.12811,-0.075508077,0
7.128715,-0.073184755,0
7.12932,-0.071859338,0
7.129925,-0.071397133,0
7.13053,-0.070982171,0
7.131135,-0.069299878,0
7.13174,-0.065552446,0
7.132345,-0.060658224,0
7.13295,-0.056916429,0
7.133555,-0.055897236,0
7.13416,-0.056855991,0
7.134765,-0.057646297,0
7.13537,-0.056886878,0
7.135975,-0.05476983,0
7.13658,-0.052142966,0
7.137185,-0.049545108,0
7.13779,-0.047200593,0
7.138395,-0.045354899,0
7.139,-0.044011728,0
7.139605,-0.042320006,0
7.14021,-0.038909414,0
7.140815,-0.033535981,0
7.14142,-0.02816622,0
7.142025,-0.025506478,0
7.14263,-0.026211686,0
7.143235,-0.028193638,0
7.14384,-0.0288249,0
7.144445,-0.027220704,0
7.14505,-0.024334451,0
7.145655,-0.021554321,0
7.14626,-0.019587198,0
7.146865,-0.018330338,0
7.14747,-0.017228019,0
7.148075,-0.015565787,0
7.14868,-0.012799941,0
7.149285,-0.009077188,0
7.14989,-0.005445397,0
7.150495,-0.003123099,0
7.1511,-0.002320339,0
7.151705,-0.00205307,0
7.15231,-0.001245565,0
7.152915,0.000366723,0
7.15352,0.002509993,0
7.154125,0.004992926,0
7.15473,0.007700072,0
7.155335,0.010262847,0
7.15594,0.012214861,0
7.156545,0.013616266,0
7.15715,0.015297581,0
7.157755,0.018133079,0
7.15836,0.021897615,0
7.158965,0.025115308,0
7.15957,0.026468275,0
7.160175,0.026247889,0
7.16078,0.026016779,0
7.161385,0.026975678,0
7.16199,0.029035128,0
7.162595,0.031327763,0
7.1632,0.03319262,0
7.163805,0.034584772,0
7.16441,0.035813722,0
7.165015,0.037146081,0
7.16562,0.038654567,0
7.166225,0.040256174,0
7.16683,0.041749649,0
7.167435,0.042876998,0
7.16804,0.043549738,0
7.168645,0.044040805,0
7.16925,0.044767655,0
7.169855,0.04588951,0
7.17046,0.047291637,0
7.171065,0.048872403,0
7.17167,0.050592143,0
7.172275,0.052262552,0
7.17288,0.053541104,0
7.173485,0.054267375,0
7.17409,0.054726554,0
7.174695,0.055448668,0
7.1753,0.056662453,0
7.175905,0.057964079,0
7.17651,0.058683831,0
7.177115,0.058655068,0
7.17772,0.058448789,0
7.178325,0.058763685,0
7.17893,0.05975598,0
7.179535,0.061030759,0
7.18014,0.062114071,0
7.180745,0.062828507,0
7.18135,0.063311864,0
7.181955,0.063805144,0
7.18256,0.064427982,0
7.183165,0.065081158,0
7.18377,0.065532083,0
7.184375,0.065631449,0
7.18498,0.06549257,0
7.185585,0.06543914,0
7.18619,0.065719055,0
7.186795,0.066302314,0
7.1874,0.067019411,0
7.188005,0.067800803,0
7.18861,0.068654289,0
7.189215,0.069480708,0
7.18982,0.070078936,0
7.190425,0.070370644,0
7.19103,0.070527884,0
7.191635,0.070798443,0
7.19224,0.071207122,0
7.192845,0.07147872,0
7.19345,0.071313653,0
7.194055,0.070753559,0
7.19466,0.070212799,0
7.195265,0.070108252,0
7.19587,0.070491662,0
7.196475,0.071048215,0
7.19708,0.071401166,0
7.197685,0.071402505,0
7.19829,0.071177183,0
7.198895,0.07094848,0
7.1995,0.070835491,0
7.200105,0.070767963,0
7.20071,0.070536035,0
7.201315,0.069924299,0
7.20192,0.068874886,0
7.202525,0.067588741,0
7.20313,0.066439316,0
7.203735,0.065726742,0
7.20434,0.065509266,0
7.204945,0.065650706,0
7.20555,0.065954491,0
7.206155,0.066227284,0
7.20676,0.066298562,0
7.207365,0.066096283,0
7.20797,0.065724509,0
7.208575,0.065362108,0
7.20918,0.06500711,0
7.209785,0.064393537,0
7.21039,0.063281549,0
7.210995,0.061827547,0
7.2116,0.06054188,0
7.212205,0.059810893,0
7.21281,0.059539976,0
7.213415,0.059332528,0
7.21402,0.05893185,0
7.214625,0.058380978,0
7.21523,0.057801419,0
7.215835,0.057180252,0
7.21644,0.056450826,0
7.217045,0.055664306,0
7.21765,0.054907884,0
7.218255,0.054049743,0
7.21886,0.052752843,0
7.219465,0.050888994,0
7.22007,0.048852607,0
7.220675,0.047293048,0
7.22128,0.046544806,0
7.221885,0.046415334,0
7.22249,0.046462961,0
7.223095,0.046344838,0
7.2237,0.045935991,0
7.224305,0.04529,0
7.22491,0.044575937,0
7.225515,0.043979228,0
7.22612,0.043542622,0
7.226725,0.043068715,0
7.22733,0.04224358,0
7.227935,0.040941027,0
7.22854,0.03940603,0
7.229145,0.038060518,0
7.22975,0.037121059,0
7.230355,0.036480846,0
7.23096,0.035923605,0
7.231565,0.035305324,0
7.23217,0.03452401,0
7.232775,0.033471428,0
7.23338,0.032119569,0
7.233985,0.030620164,0
7.23459,0.029216353,0
7.235195,0.027974057,0
7.2358,0.02662367,0
7.236405,0.024791252,0
7.23701,0.022454558,0
7.237615,0.020087179,0
7.23822,0.018267336,0
7.238825,0.017181022,0
7.23943,0.016532801,0
7.240035,0.015869059,0
7.24064,0.014941021,0
7.241245,0.013787555,0
7.24185,0.012539128,0
7.242455,0.011241523,0
7.24306,0.009905126,0
7.243665,0.00859691,0
7.24427,0.007335062,0
7.244875,0.005955509,0
7.24548,0.004268651,0
7.246085,0.002348153,0
7.24669,0.000495618,0
7.247295,-0.001091558,0
7.2479,-0.002473617,0
7.248505,-0.003799702,0
7.24911,-0.005135786,0
7.249715,-0.006503287,0
7.25032,-0.007982026,0
7.250925,-0.009657828,0
7.25153,-0.011475057,0
7.252135,-0.013261546,0
7.25274,-0.014960574,0
7.253345,-0.016751178,0
7.25395,-0.018832968,0
7.254555,-0.021126829,0
7.25516,-0.023304961,0
7.255765,-0.025104051,0
7.25637,-0.026512589,0
7.256975,-0.027701252,0
7.25758,-0.028886202,0
7.258185,-0.030235962,0
7.25879,-0.031810718,0
7.259395,-0.033518852,0
7.26,-0.035097259,0
7.260605,-0.036206912,0
7.26121,-0.036737479,0
7.261815,-0.037107391,0
7.26242,-0.038066154,0
7.263025,-0.039980187,0
7.26363,-0.042424596,0
7.264235,-0.044638334,0
7.26484,-0.046233929,0
7.265445,-0.047354916,0
7.26605,-0.048352276,0
7.266655,-0.049503818,0
7.26726,-0.050970681,0
7.267865,-0.052785478,0
7.26847,-0.054727569,0
7.269075,-0.056343105,0
7.26968,-0.05737293,0
7.270285,-0.058220448,0
7.27089,-0.059726992,0
7.271495,-0.062259988,0
7.2721,-0.065197526,0
7.272705,-0.067555625,0
7.27331,-0.068970672,0
7.273915,-0.069859066,0
7.27452,-0.070797491,0
7.275125,-0.072037334,0
7.27573,-0.073604243,0
7.276335,-0.075511472,0
7.27694,-0.077520098,0
7.277545,-0.078838612,0
7.27815,-0.078678152,0
7.278755,-0.077442605,0
7.27936,-0.076910019,0
7.279965,-0.078604769,0
7.28057,-0.082160862,0
7.281175,-0.085808298,0
7.28178,-0.088214046,0
7.282385,-0.08934583,0
7.28299,-0.089884293,0
7.283595,-0.090455313,0
7.2842,-0.091430404,0
7.284805,-0.092937863,0
7.28541,-0.094677693,0
7.286015,-0.095871592,0
7.28662,-0.095864863,0
7.287225,-0.095004975,0
7.28783,-0.09465816,0
7.288435,-0.095963378,0
7.28904,-0.098636063,0
7.289645,-0.10134163,0
7.29025,-0.103086085,0
7.290855,-0.103831582,0
7.29146,-0.103996127,0
7.292065,-0.103983817,0
7.29267,-0.104282174,0
7.293275,-0.105418944,0
7.29388,-0.107230191,0
7.294485,-0.108285843,0
7.29509,-0.106835161,0
7.295695,-0.102948902,0
7.2963,-0.099384016,0
7.296905,-0.099379883,0
7.29751,-0.103366203,0
7.298115,-0.108509731,0
7.29872,-0.111637305,0
7.299325,-0.111945131,0
7.29993,-0.110827209,0
7.300535,-0.109958877,0
7.30114,-0.110074807,0
7.301745,-0.111072955,0
7.30235,-0.11236879,0
7.302955,-0.112925434,0
7.30356,-0.111692529,0
7.304165,-0.10877183,0
7.30477,-0.105965187,0
7.305375,-0.105403599,0
7.30598,-0.107429167,0
7.306585,-0.110315526,0
7.30719,-0.112115191,0
7.307795,-0.112208097,0
7.3084,-0.111087945,0
7.309005,-0.109478223,0
7.30961,-0.108060929,0
7.310215,-0.107507798,0
7.31082,-0.107958263,0
7.311425,-0.108256942,0
7.31203,-0.106348653,0
7.312635,-0.101328235,0
7.31324,-0.095244135,0
7.313845,-0.091976338,0
7.31445,-0.09357021,0
7.315055,-0.098082952,0
7.31566,-0.101601349,0
7.316265,-0.101936333,0
7.31687,-0.099882557,0
7.317475,-0.097482881,0
7.31808,-0.095958702,0
7.318685,-0.095325573,0
7.31929,-0.095128043,0
7.319895,-0.094764077,0
7.3205,-0.093339939,0
7.321105,-0.09018659,0
7.32171,-0.085983917,0
7.322315,-0.082785472,0
7.32292,-0.082215462,0
7.323525,-0.083789824,0
7.32413,-0.085453477,0
7.324735,-0.085523468,0
7.32534,-0.083757455,0
7.325945,-0.08096145,0
7.32655,-0.078196099,0
7.327155,-0.076289302,0
7.32776,-0.075467695,0
7.328365,-0.074960233,0
7.32897,-0.073114786,0
7.329575,-0.06863559,0
7.33018,-0.062294281,0
7.330785,-0.057074732,0
7.33139,-0.055700148,0
7.331995,-0.057849726,0
7.3326,-0.060473594,0
7.333205,-0.060890595,0
7.33381,-0.058925237,0
7.334415,-0.056100063,0
7.33502,-0.05366136,0
7.335625,-0.051825669,0
7.33623,-0.05036158,0
7.336835,-0.049048698,0
7.33744,-0.047429277,0
7.338045,-0.044797102,0
7.33865,-0.041040768,0
7.339255,-0.037287916,0
7.33986,-0.035067803,0
7.340465,-0.03469954,0
7.34107,-0.034937765,0
7.341675,-0.034284454,0
7.34228,-0.032247704,0
7.342885,-0.029334295,0
7.34349,-0.026338816,0
7.344095,-0.02385703,0
7.3447,-0.022138762,0
7.345305,-0.020950105,0
7.34591,-0.019472492,0
7.346515,-0.016676094,0
7.34712,-0.012269291,0
7.347725,-0.007420839,0
7.34833,-0.004114086,0
7.348935,-0.003321219,0
7.34954,-0.003998008,0
7.350145,-0.004199436,0
7.35075,-0.00290739,0
7.351355,-0.000515732,0
7.35196,0.002047276,0
7.352565,0.004192975,0
7.35317,0.00581525,0
7.353775,0.007081058,0
7.35438,0.008361627,0
7.354985,0.0101526,0
7.35559,0.012669512,0
7.356195,0.015430828,0
7.3568,1.75E-02,0.00E+00
7.357405,0.01845799,0
7.35801,0.018827276,0
7.358615,0.019611728,0
7.35922,0.021268203,0
7.359825,0.023488471,0
7.36043,0.02571848,0
7.361035,0.027641951,0
7.36164,0.029220448,0
7.362245,0.030533653,0
7.36285,0.031761108,0
7.363455,0.033246664,0
7.36406,0.035335462,0
7.364665,0.037952978,0
7.36527,0.040406973,0
7.365875,0.041891194,0
7.36648,0.04229873,0
7.367085,0.042352116,0
7.36769,0.042887235,0
7.368295,0.044185398,0
7.3689,0.045960693,0
7.369505,0.047731149,0
7.37011,0.049127879,0
7.370715,0.050048453,0
7.37132,0.050702853,0
7.371925,0.051459437,0
7.37253,0.052471468,0
7.373135,0.053423203,0
7.37374,0.053779441,0
7.374345,0.053394353,0
7.37495,0.052793114,0
7.375555,0.052710138,0
7.37616,0.053441539,0
7.376765,0.054800402,0
7.37737,0.056498703,0
7.377975,0.058279193,0
7.37858,0.059793601,0
7.379185,0.060687402,0
7.37979,0.060945524,0
7.380395,0.061096206,0
7.381,0.061903406,0
7.381605,0.063620121,0
7.38221,0.065494964,0
7.382815,0.066307987,0
7.38342,0.065663871,0
7.384025,0.064680578,0
7.38463,0.065139004,0
7.385235,0.067652678,0
7.38584,0.070579143,0
7.386445,0.071269328,0
7.38705,0.06905682,0
7.387655,0.066670831,0
7.38826,0.067575722,0
7.388865,0.07166291,0
7.38947,0.074841205,0
7.390075,0.073913758,0
7.39068,0.070716714,0
7.391285,0.069531183,0
7.39189,0.071005853,0
7.392495,0.071322653,0
7.3931,0.068044742,0
7.393705,0.064285262,0
7.39431,0.065079735,0
7.394915,0.070773147,0
7.39552,0.076180523,0
7.396125,0.076332241,0
7.39673,0.071616921,0
7.397335,0.067014253,0
7.39794,0.066884619,0
7.398545,0.07047766,0
7.39915,0.072807276,0
7.399755,0.070640221,0
7.40036,0.066775018,0
7.400965,0.066624199,0
7.40157,0.070950407,0
7.402175,0.074496893,0
7.40278,0.072634815,0
7.403385,0.067035721,0
7.40399,0.063105124,0
7.404595,0.063583796,0
7.4052,0.066670787,0
7.405805,0.069241194,0
7.40641,0.069695938,0
7.407015,0.068115986,0
7.40762,0.065687257,0
7.408225,0.064034843,0
7.40883,0.063621089,0
7.409435,0.062906275,0
7.41004,0.060456557,0
7.410645,0.057640354,0
7.41125,0.057415114,0
7.411855,0.060139439,0
7.41246,0.062622997,0
7.413065,0.062158087,0
7.41367,0.059580271,0
7.414275,0.057300478,0
7.41488,0.056083074,0
7.415485,0.055296339,0
7.41609,0.05503698,0
7.416695,0.0558855,0
7.4173,0.057084689,0
7.417905,0.056998759,0
7.41851,0.055216266,0
7.419115,0.052729892,0
7.41972,0.050436634,0
7.420325,0.048713096,0
7.42093,0.04799186,0
7.421535,0.048387571,0
7.42214,0.048892109,0
7.422745,0.048307187,0
7.42335,0.047087277,0
7.423955,0.046781588,0
7.42456,0.047261284,0
7.425165,0.046194782,0
7.42577,0.04224388,0
7.426375,0.03734425,0
7.42698,0.034570444,0
7.427585,0.034684834,0
7.42819,0.035911739,0
7.428795,0.03650843,0
7.4294,0.036360723,0
7.430005,0.036062766,0
7.43061,0.035595932,0
7.431215,0.034462562,0
7.43182,0.032458151,0
7.432425,0.030034017,0
7.43303,0.028269047,0
7.433635,0.028126976,0
7.43424,0.029184897,0
7.434845,0.029591695,0
7.43545,0.027969725,0
7.436055,0.025058939,0
7.43666,0.022803927,0
7.437265,0.021962543,0
7.43787,0.021457358,0
7.438475,0.020205362,0
7.43908,0.018579179,0
7.439685,0.017567245,0
7.44029,0.017349344,0
7.440895,0.017248511,0
7.4415,0.016415552,0
7.442105,0.014221986,0
7.44271,0.010679087,0
7.443315,0.006849239,0
7.44392,0.004239754,0
7.444525,0.003258287,0
7.44513,0.002735679,0
7.445735,0.001555255,0
7.44634,9.88E-05,0
7.446945,-0.000769323,0
7.44755,-0.001460273,0
7.448155,-0.003276909,0
7.44876,-0.006506055,0
7.449365,-0.009780719,0
7.44997,-0.011491728,0
7.450575,-0.011422189,0
7.45118,-0.010882075,0
7.451785,-0.011499624,0
7.45239,-0.013894275,0
7.452995,-0.017200285,0
7.4536,-0.019833368,0
7.454205,-0.021043457,0
7.45481,-0.021713788,0
7.455415,-0.023250708,0
7.45602,-0.025782631,0
7.456625,-0.028037454,0
7.45723,-0.029032513,0
7.457835,-0.029285945,0
7.45844,-3.01E-02,0.00E+00
7.459045,-0.032151479,0
7.45965,-0.034969712,0
7.460255,-0.037735303,0
7.46086,-0.03984382,0
7.461465,-0.041177449,0
7.46207,-0.042166984,0
7.462675,-0.043319932,0
7.46328,-0.044526547,0
7.463885,-0.045266421,0
7.46449,-0.045644049,0
7.465095,-0.046689852,0
7.4657,-0.049165663,0
7.466305,-0.05230392,0
7.46691,-0.054334356,0
7.467515,-0.054379323,0
7.46812,-0.05343983,0
7.468725,-0.053361175,0
7.46933,-0.05505831,0
7.469935,-0.057884042,0
7.47054,-0.060544333,0
7.471145,-0.062350646,0
7.47175,-0.063578674,0
7.472355,-0.064894379,0
7.47296,-0.066601751,0
7.473565,-0.068391836,0
7.47417,-0.069766853,0
7.474775,-0.070617676,0
7.47538,-0.071239131,0
7.475985,-0.071919483,0
7.47659,-0.072868721,0
7.477195,-0.074434986,0
7.4778,-0.07685522,0
7.478405,-0.079728674,0
7.47901,-0.082168402,0
7.479615,-0.083594867,0
7.48022,-0.084194321,0
7.480825,-0.084630632,0
7.48143,-0.085499457,0
7.482035,-0.08706741,0
7.48264,-0.089256683,0
7.483245,-0.091531742,0
7.48385,-0.092824117,0
7.484455,-0.092098122,0
7.48506,-0.089576792,0
7.485665,-0.087352803,0
7.48627,-0.087971356,0
